id,image_url,user_id,nsfw_level,created_at,published_at,tag_ids,image_id
849675,44193727-3f5f-4a3a-a82d-6a25fcde8a85,128,1,2024-04-08T14:34:47.177Z,2024-04-08T14:35:39.605Z,"5484,111754,66,5241,1441,5193,111783,7954,7802,5133,5262,3642,5248,110302,115066,5787,5785,112028,161905,27182,115460,162089",9435696
849676,2b0c429d-fea3-463e-8549-fe815d0b7aa1,128,1,2024-04-08T14:33:57.775Z,2024-04-08T14:35:39.605Z,"5133,5262,161906,5453,1930,531,1676,5148,132,3656,66,322,7660,5241,666,111906,321,111763,111754,112699",9435668
849677,bd7effde-bbe7-492e-90bd-70bc80656d7f,128,1,2024-04-08T04:11:31.501Z,2024-04-08T04:11:50.366Z,"111857,116352,112126,112571,111839,112172,111768,5181,55,111797,7903,7913,111763",9404244
849678,8725aecf-e895-44be-91e7-4b50803c059a,128,1,2024-04-08T04:11:21.809Z,2024-04-08T04:11:50.366Z,"5484,111754,66,5241,112397,3915,112283,111839,112243,112398,112427,2050,111768,5181,162229,5133,3642,27192,115513,5798,5262,162230,5248,165803,131423,115460,5453,162842,3350,6611,2193,162841,370,110937,1441",9404220
849679,022ba215-bc15-458d-980c-4a303cbff038,128,1,2024-04-07T13:40:00.663Z,2024-04-07T13:24:19.706Z,"321,111763,7757,2309,8363,111906,1284,112644,8447,666,111822,111768,111889,111770,111940,111864,112505,112506,111839,9143,111893,116352,2879,5448,47680",9356930
849680,eec25707-aa64-411e-8137-d00c01eb3a5e,128,1,2024-04-07T13:24:12.506Z,2024-04-07T13:24:19.706Z,"5163,5133,66,2040,5484,111754,322,321,5110,111763,5262,114923,5232,6747,110302,78427,115693,5231",9356324
849681,9af07ddc-898f-4f22-bdb3-791bab15115a,128,1,2024-04-07T13:23:22.988Z,2024-04-07T13:24:19.706Z,"5133,5262,1930,15772,1238,5453,3641,111774,111775,66,20693,5193,833,111761,111939,111778,112368,111899",9356302
849682,8a292035-588d-4002-a084-d9ca3ad526e4,128,1,2024-04-07T05:07:58.959Z,2024-04-07T05:12:41.462Z,"111839,9143,321,111763,7757,5448,8447,111786,1895,111779,111787,111788,16188,112570,116352,2309,149130,112359,111864",9332351
849683,31951cbb-b8ff-4e8e-a45e-a1493a62ff10,128,1,2024-04-06T08:47:37.225Z,2024-04-06T08:48:34.226Z,"2487,414,111794,1169,111815,112358,111886,1853,111887,111759,4,66,162963,161872,5232,5798,1788,114923,531,5231",9273558
849684,75ff5446-7d9d-4e68-88c3-86c67e536ee2,128,1,2024-04-06T08:47:29.147Z,2024-04-06T08:48:34.226Z,"1853,116352,9143,2309,8447,5448,7620,15860",9273557
849685,2c0660b3-4e2f-4d2b-991b-f0bbd94b87bd,128,1,2024-04-06T08:47:25.403Z,2024-04-06T08:48:34.226Z,"5448,321,111763,8447,112570,7757,111768,5132,111770,5240,116352,1676,1675,128747,149130,5248,2309,15860,114572,115318",9273555
849686,430c454a-2482-4893-b069-96fc1bd0cbaf,128,1,2024-03-18T04:45:32.652Z,2024-03-18T01:04:43.245Z,"5448,116352,2879,8447,666,111772,322,66,112140",8140892
849687,472ff572-ea12-4f6e-8678-b83529eacb21,128,1,2024-03-18T01:06:22.629Z,2024-03-10T10:23:23.834Z,"111768,7894,111770,111771,112187,112188,112166,128747,3350,116352,2879,666,161897",8133730
849688,70f631a3-936a-412c-8f3a-b49ddf21c3f9,128,1,2024-03-18T01:05:41.606Z,2024-03-10T10:23:23.834Z,"111768,3952,111770,7894,112494,147751,3350,390,321,116352,111763,9143",8133687
849689,22b2ea09-58d3-48de-bb51-39c1c7efa5cc,128,1,2024-03-18T01:04:32.534Z,2024-03-18T01:04:43.245Z,"321,111822,322,112281,111767,3787,5110,66,3633,111775,3642,111763,8447,5262,666",8133625
849690,5a24f947-e2c6-42b7-aa6a-a49af97f5008,128,1,2024-03-17T09:50:37.414Z,2024-03-17T09:49:47.849Z,"116352,322,111839,9143,111763,111869,321,2487,66,111822,666,7660,5110",8094045
849691,73ee93da-200e-4a52-9d9d-514fbdd2b37d,128,1,2024-03-17T09:49:29.149Z,2024-03-17T09:49:47.849Z,"1271,112767,111898,55,111797,7903,7913,112760,111763,321,111822,666,1675,1676,116352",8094027
849692,c54e470c-21fd-4672-b6aa-1432bf3e0d71,128,1,2024-03-17T09:49:14.583Z,2024-03-17T09:49:47.849Z,"5448,111857,116352,3731,8447,666,111763,321,111822,5163,6652,5133,66,111778,111768,5181",8094022
849693,45ca7535-f98e-4bad-9a8e-87bc056cd15b,128,1,2024-03-17T08:12:03.945Z,2024-03-17T08:12:29.087Z,"321,111822,112281,322,66,113232,5448,116352,3731,111763,2309,8447,666,127305",8090531
849694,18b720dc-8ee3-4744-8910-f76e8a5007e6,128,1,2024-03-17T03:52:44.571Z,2024-03-16T00:21:37.272Z,"111987,111757,111758,112850,111834,111835,152340,116352,8447,2010,111988,162001",8080985
849695,58a9103b-09d5-4bcb-8832-ac6ad519fe81,128,1,2024-03-17T03:00:14.706Z,2024-03-17T03:00:52.306Z,"141633,116352,124666,3915,111856,112243,112283,111839,322",8078569
849696,90fbd6d0-1b4d-4553-8d05-6148ad85e882,128,1,2024-03-16T21:10:19.363Z,2024-03-16T07:59:58.119Z,"5163,66,112453,111782,5169,55,152340,3819,3624,161876,5232,5110,5231",8064652
849697,72b16292-c25b-48a3-a915-b756ded178ad,128,1,2024-03-16T11:32:35.194Z,2024-03-16T07:59:58.119Z,"7913,5163,66,5232,4409,114923,5262,5231",8040766
849698,edd3b8ef-0ad3-4a82-995a-02baba36c9f1,128,1,2024-03-16T11:30:55.351Z,2024-03-16T07:59:58.119Z,"321,5110,111763,111996,111767,55,7913,120250,161904,3787,116352,2879,115318,322,1705,111929",8040734
849699,687fcddd-03d3-4691-b952-1cec5885fb37,128,1,2024-03-16T07:59:34.738Z,2024-03-16T07:59:58.119Z,"55,7913,414,111794,1828,66,5163,5231,5232,8356,112207,112208,111757,111758,3819,8211,111780,111781,111782,5448,148933,3573,3787,5110,5109,8447,666,111825",8033158
849700,d6f9466e-c56c-4a8a-a201-bdb8e14d73ce,128,1,2024-03-16T07:45:43.090Z,2024-03-16T07:48:26.545Z,"5163,66,111933,6254,111859,111934,5232,3642,114923,112424,5262,112774,9143,110443,5231",8032376
849701,6ebd42c6-111d-4b8c-a1ec-7a5e77d8f019,128,1,2024-03-16T03:23:25.021Z,2024-03-16T00:21:37.272Z,"5448,143215,152340,161876,111797,2309,8447,7903,55,414,111794,1828,7913,66,111805,111757,111758,5193,4409,112103,111848,111839",8023263
849702,da0ff0b1-c61c-4100-97eb-d65d08dbc6bb,128,1,2024-03-16T00:20:50.126Z,2024-03-16T00:21:37.272Z,"111757,111758,9090,66,112728,414,111794,112663,111834,111835,111836,4379,111837,111838,111805,152340,161876,116352,2879,162001",8017400
849703,734e0d70-9cc6-41bc-a106-cff439e86fce,128,4,2024-03-15T18:05:35.866Z,2024-03-14T13:02:22.064Z,"3642,128949,161972,5248,5453,5262,3507,5163,192,66,5133,5193,111943,111763,7802,321,112070,6924",8001330
849704,02e23a75-cbe8-4ab2-928c-30cc13fa211c,128,1,2024-03-15T08:51:01.761Z,2024-03-15T08:57:31.366Z,"3725,111782,8211,111780,111781,119829,6610,116352,6594",7980033
849705,b40540d0-e622-446e-948b-bd2e47d0ca9a,128,1,2024-03-15T08:50:38.866Z,2024-03-15T08:57:31.366Z,"111856,112020,5961,112021,111883,113267,147707,112653,119829,3915,141633,116352,117311,124666",7980008
849706,c6b8bbee-f9fd-4894-9ac8-1bcc8e17b260,128,1,2024-03-15T08:50:22.802Z,2024-03-15T08:57:31.366Z,"112397,3915,112283,112398,111839,112243,119829,141633,116352,112637",7980004
849707,b4c2a069-3680-46e1-9597-0437c38119a1,128,1,2024-03-15T08:49:28.347Z,2024-03-15T08:57:31.366Z,"6640,116352,112953,321,111763,112025,112023,666,111759,5787,112231,111976",7979974
849708,7db3828a-c1e0-494b-a52c-9e2f63038160,128,1,2024-03-15T08:49:02.945Z,2024-03-15T08:57:31.366Z,"5484,111754,66,5241,7659,119829,5798,120244,4409,115513,114923,5262,5231,1441,5163,5232,5486,112515",7979956
849709,38a2149b-d799-4b84-9a01-ee6d923c7000,128,1,2024-03-15T08:48:53.640Z,2024-03-15T08:57:31.366Z,"5241,111831,113688,111759,5787,322,2380,9664,119829,113614,116352,2879,7337,124666",7979952
849710,a0a7ce8c-95ff-49b4-a322-cbd2b54104be,128,1,2024-03-15T06:43:17.897Z,2024-03-14T13:02:22.064Z,"5133,3642,1930,9090,5262,111807,3623,192,66,5109,112359,112665,111776,1729,111936",7975820
849711,610ebbad-cbd3-4734-b543-fde307805bb9,128,1,2024-03-15T03:14:33.405Z,2024-03-15T03:14:40.316Z,"3787,116352,321,111763,8447,55,7913,5110,2309,414,111794,1828,6016",7968924
849712,57357982-4631-419d-8a9d-97b14e6d293d,128,1,2024-03-15T00:55:56.481Z,2024-03-15T00:56:14.170Z,"5133,115693,110401,36092,78427,5262,192,5163,66,111952,322,5484,111754,111759,112038",7963771
849713,a74a1ac5-479b-4d4a-b62a-0d72ce16d426,128,1,2024-03-14T16:48:37.918Z,2024-03-13T13:45:34.688Z,"111857,111839,112646,112179,112019,112467,112468,112721,3350,5780,116352,124666",7946893
849714,9ce02e1a-a600-4c7d-88b4-e2bb3c77a3d2,128,1,2024-03-14T13:00:33.045Z,2024-03-14T13:02:22.064Z,"192,5163,66,111775,111774,5262,5228,5997,3642,666,2442,111769,6640,111768,1441,5241,111754,5484,5110,3787,111767,321,111763,5133",7937061
849715,cb264032-5ac6-4e59-a0fb-a6e0ec4fc99c,128,2,2024-03-14T08:22:32.000Z,2024-03-13T13:45:34.688Z,"111774,111775,66,5163,6924,5133,3647,5148,1930,161972,5262,192",7927320
849716,918e8fe4-0ba3-4251-bf1c-bf3f7bbe21f6,128,1,2024-03-14T04:57:04.918Z,2024-03-13T13:45:34.688Z,"112712,321,111763,66,5232,5448,112401,111864,111931,2309,5262,531,5231",7919977
849717,83977641-5615-401e-b245-ec6dafd9952e,128,1,2024-03-14T02:37:55.195Z,2024-03-14T02:38:34.022Z,"2893,116352,5248,121096,3622,111768,112354,111990,112843,111889,111770",7914624
849718,a1151305-bf85-437f-a5c5-081bcd686f2f,128,1,2024-03-13T22:21:26.252Z,2024-03-13T13:45:34.688Z,"116352,124666,9664,5409,112417,111777,2069,112401,112375,1729,111807",7905423
849719,b68c3ab9-edf4-4c5c-bcff-9fe842fb6cb3,128,1,2024-03-13T13:40:02.742Z,2024-03-13T13:45:34.688Z,"111848,5448,149130,1675,1676,111864,116352,111763,111931,2309,8447",7883727
849720,b2cc2d46-9073-48c9-b814-5fde937d7ea1,128,1,2024-03-13T08:11:32.718Z,2024-03-13T08:17:40.665Z,"5163,192,66,5133,111759,3989,111754,5484,111844,111845,3642,3350,143276,111805,5785,152340,5787,115460,161876,161816,5248",7873674
849721,275a9bfe-b7ff-4211-83f4-d5be29595c46,128,2,2024-03-13T08:11:02.297Z,2024-03-13T08:17:40.665Z,"5163,192,66,5133,111759,22328,5787,111754,7802,5484,5942,6924,3647,5798,5148,3656,5785,1744,115066,120895,115460,5262,110302",7873623
849722,17a4333a-6ff9-4284-9fd6-9ed3a97c89f9,128,1,2024-03-13T08:10:46.980Z,2024-03-13T08:17:40.665Z,"5163,66,5484,111754,1705,7913,7004,55,383,5133,3350,143276,111805,5780,152340,115513,161876,111763,111797,5453,192",7873601
849723,d63bcb89-f190-40e8-ac84-902db16fcd3f,128,1,2024-03-12T23:19:25.066Z,2024-03-12T23:20:29.502Z,"116352,124666,7913,112720,3915,111856,112163,111772,9418,111986,111831,113080,112298,16068,111834,111835,112279",7855104
849724,311e0e56-eef8-4742-b939-4a70c02306c4,128,1,2024-03-12T23:19:19.883Z,2024-03-12T23:20:29.502Z,"119829,141633,116352,2879,124666,3915,111856,112343",7855098
849725,b172bd5b-a9d4-4824-a601-9345682cfd51,128,1,2024-03-12T23:18:20.537Z,2024-03-12T23:20:29.502Z,"116352,123298,111892,3819,5193,111902",7855062
849726,4850be1b-9bce-481a-8c29-d126b55f5261,128,2,2024-03-12T15:54:24.920Z,2024-03-12T09:49:19.824Z,"3737,66,5163,1271,5484,111754,5241,1441,5193,2435,111759,6924,5133,1930,5785,111857,5787,5942,162202,5262,192",7835662
849727,6fa5922b-d88f-4ff4-ba84-1dca09b2c6c1,128,4,2024-03-12T15:49:08.624Z,2024-03-12T09:49:19.824Z,"5148,115693,115460,5228,7317,5262,15860,3507,5193,111943,5163,192,66,5133,2392,5293,1718,6924,112070",7835352
849728,2c1397c1-8ec2-487e-8676-bbb064883464,128,1,2024-03-12T15:48:24.777Z,2024-03-12T09:49:19.824Z,"3350,112401,111857,1744,111893,116352,111763,111931,2309,15860,111759,1271,111839,112172,111841,294,112094,1705",7835290
849729,4c6d58ac-8f57-4766-b3d2-abf80797abcf,128,1,2024-03-12T09:50:47.373Z,2024-03-12T03:21:35.549Z,"5448,117758,143215,116352,3731,2309,119151,8447,113124,3789,16129,111768,112024,6640,111769,666,111763,321,111822",7824325
849730,a28bf26a-c807-4cfa-b8e8-d74eee68039d,128,1,2024-03-12T09:49:11.513Z,2024-03-12T09:49:19.824Z,"5232,111913,111765,108537,4409,114923,111864,16001,5262,5231,5241,112401,111759,5909,112180,5787,66,5408,112085,112086",7824306
849731,d2925c10-5216-4173-992b-45461a8a50d9,128,1,2024-03-12T07:41:09.969Z,2024-03-12T03:21:35.549Z,"3350,116352,111759,111768,111875,111891,9757,111876,111877,322",7820178
849732,3b46dfe9-0512-4952-83fc-59a8003a3a50,128,2,2024-03-12T07:39:22.278Z,2024-03-12T03:21:35.549Z,"111774,111775,66,5163,192,5133,111899,111900,6924,5148,15772,3645,5262",7820094
849733,27d41fbb-f1ad-4539-8497-b4968949718b,128,1,2024-03-12T03:21:12.395Z,2024-03-12T03:21:35.549Z,"7913,414,111794,1828,321,111763,8363,111797,111798,55,162062,112401,5110,116352,2309,8447,161863",7811166
849734,80631d9d-7c82-4c33-82b8-4417a58a4f3d,128,1,2024-03-12T02:22:13.905Z,2024-03-12T02:22:43.896Z,"111834,111835,111838,111837,111836,111805,4379,111757,111758,111763,321,5448,149130,116352,8447",7809331
849735,8ea7b967-1158-4187-8d43-f88077a9845d,128,1,2024-03-11T23:31:58.190Z,2024-03-11T23:33:05.114Z,"5133,3642,115460,5228,115513,111095,5248,5453,192,112841,66,5484,111754,5241,1441,5163,94,5351,18,111763,321",7803825
849736,c8e0c0fd-2bc8-4cb2-86c0-220e712d1085,128,1,2024-03-11T15:56:15.370Z,2024-03-11T15:57:10.873Z,"3915,111856,112021,111883,16169,113139,112264,5961,111778,111884,112271,119829,141633,116352",7786425
849737,9c1df9e3-0e24-4f0f-b517-e105976f7bca,128,1,2024-03-11T15:56:10.993Z,2024-03-11T15:57:10.873Z,"663,3915,112283,111839,112243,113386,111857,112732,111768,5181,119829,130255,116137,116352,124666,666",7786421
849738,ba6a0732-4762-4ef2-8588-870e1d83b50e,128,1,2024-03-11T12:59:22.047Z,2024-03-11T03:35:44.539Z,"66,112767,112564,414,111794,3694,9090,112126,1675,1676,5262",7780811
849739,7500229d-649a-4f09-b5ce-110fdc49e8da,128,1,2024-03-11T12:58:48.803Z,2024-03-11T03:35:44.539Z,"5140,121076,112067,114923,5262,5231,111768,111770,7894,66,322,112279,4",7780800
849740,e0df4a5a-c40a-4c1e-8a44-adac9cf0c0b1,128,1,2024-03-11T07:48:46.289Z,2024-03-11T00:51:04.681Z,"5241,111768,112004,5181,112005,112006,128747,113614,116352,161871,2879",7771566
849741,93172a1d-ea64-433e-b207-af54adeb4bce,128,1,2024-03-11T07:48:31.836Z,2024-03-11T00:51:04.681Z,"2954,130255,116352,124666,5241,19304,1895,112609",7771558
849742,9c163158-44d3-402a-a2d4-4ef1e4a34f8d,128,1,2024-03-11T03:35:42.891Z,2024-03-11T03:35:44.539Z,"5193,1930,111761,833,111939,111774,111775,66,5163,192,5133,112035,112760,114572,5228,112266,5262,141662,531,15860,122113",7763784
849743,bd17b561-1bd6-4384-a8d7-34549af488e6,128,1,2024-03-11T03:33:26.703Z,2024-03-11T03:35:44.539Z,"5163,66,5484,111754,1765,6723,5133,1441,5248,5262,192",7763693
849744,0603b4cc-d7db-499f-b6d6-9c6d49c5b599,128,1,2024-03-11T00:50:36.133Z,2024-03-11T00:51:04.681Z,"5133,6747,115460,114242,78427,5262,192,5241,5484,111754,66,1441,5163,111752,322,111763,321",7758364
849745,6376022a-8a83-40fa-8d0c-3b73b440fdce,128,1,2024-03-10T16:16:02.874Z,2024-03-10T16:16:44.856Z,"5163,192,66,5133,1930,3370,141662,531,5231,5232,5193,112022,322,7660,5484,111754,55,111797,7903,7913",7738921
849746,3938c974-8d69-4b17-91cc-33d28e2781c4,128,1,2024-03-10T16:15:22.976Z,2024-03-10T16:16:44.856Z,"414,111794,1169,111815,112358,112863,9090,6481,112596,247,55,16088,112601,112100,116352,2309,141662,112359",7738885
849747,aa2c30d4-f08d-48ab-9f6c-0eb6b6ccec3a,128,1,2024-03-10T16:14:42.300Z,2024-03-10T16:16:44.856Z,"3737,66,5163,6652,111778,5193,5133,1930,5785,78490,5787,113614,5942,2879,130786,192,111783,111773",7738828
849748,157f1d5d-18b0-4b82-9977-414babe3893e,128,1,2024-03-10T16:14:28.176Z,2024-03-10T16:16:44.856Z,"116352,3915,112946,3707,111859,6894,111860,111936,112342",7738820
849749,cced3647-b4df-4eb5-ab2c-8fabd7fa23a4,128,1,2024-03-10T13:45:50.870Z,2024-03-10T13:46:34.630Z,"5133,5798,115460,115513,161816,1441,5262,192,5484,111754,66,5241,5163,322,111759,2487,111752,6628",7732706
849750,d97023d9-5269-42e3-91a6-179a905a8467,128,1,2024-03-10T13:45:02.298Z,2024-03-10T13:46:34.630Z,"5484,111754,66,5241,1441,322,617,5163,5133,2487,3642,5798,115052,115460,115513,5262,192",7732682
849751,0386d349-26b7-4481-b225-b65009b3a709,128,1,2024-03-10T12:19:21.504Z,2024-03-10T10:23:23.834Z,"55,5787,5942,111973,7913,5163,5231,5232,66,111797,7903,5193,111783,112715,111849,8628,111759,111765,111766,94,112037",7729520
849752,18406085-ee0b-4a94-9e1d-56ae52aac13e,128,1,2024-03-10T10:23:10.361Z,2024-03-10T10:23:23.834Z,"111768,389,111770,7894,111749,2539,5240,113213,128747,3350,116352,111763,5248,16188,5500",7725999
849753,ee897d13-65b5-42f3-a004-4bf53a381235,128,1,2024-03-10T08:22:58.093Z,2024-03-10T00:52:57.137Z,"111704,114923,1676,5248,5262,131423,5484,111754,66,5241,1441,5163,5231,5232,111844,111845,2010",7722113
849754,07b34223-2a06-43d6-8381-bc999ac04f79,128,1,2024-03-10T00:52:30.223Z,2024-03-10T00:52:57.137Z,"322,66,5798,1788,162963,115513,5262",7706521
849755,2a6e642f-3130-4c80-bf9e-f7e9015c3e75,128,1,2024-03-09T22:54:32.885Z,2024-03-09T15:11:28.878Z,"5232,5484,111754,66,5241,1441,322,111869,617,5163,192,5133,81,1421,110401,6747,114923,78427,2010,5262,5231",7701533
849756,044520b0-c8c4-4b67-b526-8d437c3e37ed,128,1,2024-03-09T22:02:39.559Z,2024-03-09T15:11:28.878Z,"5163,192,66,5133,5231,5232,3642,2113,114923",7699314
849757,3bda11a6-4abb-4481-aea4-87a78cab3723,128,1,2024-03-09T16:31:02.859Z,2024-03-08T22:05:08.609Z,"5133,120020,15772,1930,9090,125583,112377,5453,5262,531,15860,112359,192,112346,111945,5193,111783,5163,66,322,7660,111849,8628,112047,111899",7687122
849758,17c3dcd0-8ef7-40c1-aac5-381e7e459617,128,2,2024-03-09T16:29:59.030Z,2024-03-08T22:05:08.609Z,"5163,66,112491,5989,5193,111773,111783,111936,112453,6924,5133,5232,111704,2954,120244,127302,78490,7317,112424,2436,3725,111782,5231,192",7687107
849759,9799f46f-cb71-4fb1-a99b-77d286128d56,128,1,2024-03-09T15:55:34.374Z,2024-03-09T15:11:28.878Z,"321,111763,5163,66,7757,29006,112632,5484,111754,5232,5448,5347,114923,8447,5231",7685531
849760,a3733274-cf48-457c-b6cf-325c8a44e71b,128,1,2024-03-09T15:10:49.003Z,2024-03-09T15:11:28.878Z,"111857,112576,111839,112172,112625,322,9664,120250,158022,161817,116352,7337",7683107
849761,aaa5d1e1-96ea-4b57-9d97-ff0594827d3a,128,1,2024-03-09T12:37:59.645Z,2024-03-08T22:05:08.609Z,"164466,152340,3819,123642,161876,111756,5262,5163,5231,5232,66,111757,111758,5193,111773,111849,8628,111834,112376,111835",7676850
849762,14051ec0-f5e7-40a7-9a89-59b415a7506d,128,1,2024-03-09T09:53:11.474Z,2024-03-08T22:05:08.609Z,"322,7660,5163,66,5193,111849,8628,111783,5232,112143,3642,140256,2954,9090,7954,3368,112157,114923,16001,5109,112359,5231,1729,5484,111754",7671794
849763,0cebb2ad-f384-460c-9fc8-d4435f14e4ed,128,1,2024-03-09T05:09:19.658Z,2024-03-09T05:10:06.247Z,"5262,5228,111754,5484,111900,111899,5133,111778,192,6652,5163,66,111775,111774",7661004
849764,2b1b8931-355d-4473-a031-a3bc9d9b4011,128,1,2024-03-08T22:04:27.095Z,2024-03-08T22:05:08.609Z,"5163,66,5484,111754,5241,1441,322,4,5133,3642,115066,115513,5262,192",7646655
849765,efc840f6-92a7-454e-a679-6350af658c78,128,1,2024-03-03T20:37:49.936Z,2024-03-03T20:39:35.537Z,"114923,6033,111754,66,111952,5484,5163,5231,5232",7409896
849766,84708f06-07eb-46ca-9282-e6f90c20278c,128,1,2024-03-03T20:37:49.873Z,2024-03-03T20:39:35.537Z,"111754,66,5484,5486,112515,5163,114923,6033,5231,5232,6652,192,111778,5133",7409895
849767,4d2277fa-5044-4917-90ef-3a8135f5823b,128,1,2024-03-03T20:37:49.386Z,2024-03-03T20:39:35.537Z,"111754,66,5484,5163,5231,5232,5486,112515,114923,6033",7409894
849768,8df427e9-d1ac-4345-89a7-3cce22fd7e66,128,1,2024-03-02T10:39:31.877Z,2024-03-02T10:42:11.928Z,"5133,15772,697,115460,5228,115513,5248,2687,5262,110302,192,111772,112140,137,5484,111754,66",7342258
849769,646b9229-0507-45c7-af69-ab3a1755c878,128,1,2024-03-02T10:13:06.772Z,2024-03-02T10:22:59.978Z,"66,5169,5232,114592,114829,163107,1238,5140,122902,5787,114923,120125,5262,531,5983,111782,5231",7341575
849770,d6aa9388-15f0-43af-9289-2dc11f93ebfe,128,2,2024-02-27T03:42:42.474Z,2024-02-26T07:32:49.237Z,"5193,5163,66,111761,111839,833,111939,5109,6254,111859,111933,111934,6924,5133,529,5782,115693,1930,111857,115066,3571,5262,192",7166677
849771,eda85d01-104f-4ae6-9c54-5a3bb12a95e5,128,1,2024-02-27T03:42:20.050Z,2024-02-26T07:32:49.237Z,"5133,3641,5782,115693,1930,111857,115066,6350,1676,5248,5262,9143,192,5193,111761,833,111939,111839,112576,112714,5163,6652,66,111778,112179,112368,5484,111754,5241,1441,112035",7166669
849772,70bcb28d-06a1-4175-9e89-2a2307f3e395,128,1,2024-02-26T16:40:08.930Z,2024-02-26T16:40:33.398Z,"5484,111754,66,5241,322,111869,5163,5133,617,7660,3642,115513,1441,5453,5262,192",7146929
849773,7eb4b4d8-a2f0-4431-af35-c7be0889f8d8,128,1,2024-02-26T16:39:22.996Z,2024-02-26T16:40:33.398Z,"120708,115460,115513,5453,5262,110302,5484,111754,66,5241,1441,3642,7802,5163,192,5133",7146864
849774,0874ecba-a009-411c-966e-5dbcbf4f2890,128,1,2024-02-26T16:35:53.384Z,2024-02-26T16:40:33.398Z,"5484,111754,66,5241,5232,115513,114923,1441,2010,5262,5231",7146729
849775,83a156ef-a858-4b64-88e7-6b90765caa02,128,1,2024-02-26T12:04:30.201Z,2024-02-26T07:32:49.237Z,"111857,112179,111839,1895,111786,111779,112576,111893,414,3350,5782,5768,116352,2309,9143",7137820
849776,6c7e133d-4dbd-4f16-8944-3f2b4d4b657e,128,1,2024-02-26T07:32:16.450Z,2024-02-26T07:32:49.237Z,"24083,111893,321,112876,111839,111857,112697,666,414,111794,111815,5782,5768,5110,116352,111763,111931,2309,8447,9143",7130480
849777,62b18bfe-fb46-46e7-8c7e-f98c6b71dbe2,128,1,2024-02-26T00:46:37.830Z,2024-02-25T04:45:55.909Z,"5232,621,114923,3707,5262,5231,111859,112888,112889,66,113419,111768,111770,112166,7894",7120220
849778,7b7214cd-c8ce-4073-af3d-bc1c065cee65,128,1,2024-02-25T17:19:48.200Z,2024-02-25T17:19:56.193Z,"111839,247,321,112314,5448,1675,1676,3787,116352,111763,2309,8447,161863,112237,9143",7105768
849779,03f69b63-0d77-493a-b9dd-ed5f8063f908,128,1,2024-02-25T17:19:38.706Z,2024-02-25T17:19:56.193Z,"5232,162400,114923,430,2879,49,5231,5241,66,111996,111768,5181,321,5110,111763,111767,3787,111796",7105766
849780,8cf711aa-876f-421b-bdee-dba1c8b55b50,128,1,2024-02-25T12:21:17.411Z,2024-02-25T12:22:21.954Z,"141633,116352,112397,3915,112283,113495,111839,112243",7094563
849781,46de6ad3-97ce-4391-8e90-168f104b3175,128,1,2024-02-25T08:23:16.332Z,2024-02-25T04:45:55.909Z,"111768,111770,7894,112362,1134,116352,6033,5248,16188",7086858
849782,9d37923b-8f41-4c72-8e0d-399e3a22490e,128,1,2024-02-25T04:44:54.375Z,2024-02-25T04:45:55.909Z,"111768,112004,5181,112990,3350,143276,143215,116352,111763,5248,1807,5810",7081229
849783,77de1af9-515f-4620-9e3e-8a31a2360648,128,1,2024-02-24T19:52:06.413Z,2024-02-24T19:53:29.444Z,"3641,15772,115693,161816,5248,5262,5484,111754,66,5241,1441,5163,6652,192,111778,5133,2010",7065957
849784,d13cd476-a140-458c-bbe5-9da404d526f4,128,1,2024-02-24T19:52:02.372Z,2024-02-24T19:53:29.444Z,"5484,111754,66,5241,1441,2010,5163,6652,192,111778,5133,115693,161816,5248,5262",7065956
849785,be453190-9a88-4b50-bfbd-1f67ac24c5e1,128,1,2024-02-24T19:51:59.930Z,2024-02-24T19:53:29.444Z,"5484,111754,66,5241,1441,2010,20693,5193,1930,833,111761,111939,111778,112368,5133,15772,115693,161816,5262,192",7065955
849786,a0648ff9-42f7-42b7-9db8-a123bb84137a,128,1,2024-02-24T19:51:56.959Z,2024-02-24T19:53:29.444Z,"5133,15772,115693,115460,5262,192,111754,66,5484,5241,1441,2010",7065953
849787,22682c91-b117-4c3d-a212-a6977618a6d0,128,1,2024-02-24T09:52:41.400Z,2024-02-24T09:54:03.640Z,"5232,5181,111999,148933,3787,5110,112184,8447,9143,5231,414,111794,322,66,81",7045587
849788,8d05911f-e3cf-4457-8b66-b18864e65dbe,128,1,2024-02-24T02:23:00.440Z,2024-02-24T02:23:21.115Z,"112100,116352,322,617,7660,112130",7033264
849789,01004a9f-6327-457c-8d0e-f6f7fe6c9337,128,1,2024-02-24T02:20:21.023Z,2024-02-24T02:22:27.497Z,"111768,5181,111875,111891,5668,116352",7033185
849790,0190a1bf-ea11-4324-b1f8-b79f41aca525,128,1,2024-02-23T17:01:48.702Z,2024-02-23T17:02:17.137Z,"152340,161876,116352,111839,162001,111805,111757,111758,111834,111835,112728,9090,112957",7013990
849791,4a93c5bb-f57a-42ca-80e1-3a439bf8cab7,128,1,2024-02-23T14:38:35.669Z,2024-02-23T14:41:39.486Z,"322,5163,192,66,5133,5484,111754,5241,1441,112460,7802,111948,27189,1421,110401,161817,115513,2193,5262",7009193
849792,45b577ba-eeaf-49bd-8f2d-bb73bef010c3,128,1,2024-02-23T05:16:24.728Z,2024-02-23T03:11:12.389Z,"3737,66,5163,5133,1705,111929,112341,111777,3647,111989,1930,111857,9090,5787,122379,5248,3852,192",6994952
849793,3c9b36c8-806b-4402-bdb3-eeaf8d1d0e57,128,1,2024-02-23T03:10:59.700Z,2024-02-23T03:11:12.389Z,"5193,833,111761,111939,111778,112368,5163,6652,5133,5232,3647,1930,127302,2436,5231,192,66,112809,1271",6991100
849794,09115bdd-2523-4936-b310-7151b913129c,128,1,2024-02-22T15:36:25.435Z,2024-02-22T10:41:30.141Z,"321,5110,111763,7757,322,111839,9143,66,111767,3787,5448,112289,1675,1676,116352,8447,141662",6970627
849795,b06666e7-c6fd-4945-8dc0-f217b909fb64,128,1,2024-02-22T15:32:45.562Z,2024-02-22T15:35:47.169Z,"6481,1729,6634,111917,7412,111767,321,111763,66,5232,112143,111776,9090,7317,3787,5110,5248,2309,8447,5008,5262,161863,111807,112359,5231",6970477
849796,094ec197-32a8-42f3-ab4b-20328d4f1a87,128,1,2024-02-22T15:31:04.491Z,2024-02-22T15:35:47.169Z,"5232,5133,132,111898,114572,5109,141662,5231,192,1271,112045,66,9090,5193,111849,8628,5163,414,111794,1169,111815,112358,111776,1729,111915,113074,1895,112440",6970406
849797,6115b044-19bf-4b53-b14d-2e133c5dd7c6,128,1,2024-02-22T15:30:58.533Z,2024-02-22T15:35:47.169Z,"112829,414,111794,16088,1169,111815,112358,9090,6481,111816,116352",6970402
849798,b3934e6e-dee9-493c-9a23-9a059625b28b,128,1,2024-02-22T10:40:56.110Z,2024-02-22T10:41:30.141Z,"3647,5449,143215,5248,8447,5262,111931,111754,66,247,5484,5163,192,5133,5241,1441",6961340
849799,b54a7c44-9426-400c-aef7-1cf16fc382a2,128,1,2024-02-22T10:39:23.631Z,2024-02-22T10:41:30.141Z,"66,112580,111759,5787,5942,5163,6652,192,111778,5133,5484,111754,3641,3642,3800,5997,5785,7028,5248,5262",6961288
849800,6ebc0c32-9575-47ea-87fa-62423bd3a5ef,128,1,2024-02-22T10:38:58.063Z,2024-02-22T10:41:30.141Z,"5484,111754,66,5241,1441,111752,5232,115513,114923,1676,5262,131423,5231",6961281
849801,ed8cf099-bdbc-4cee-b96a-71ffa41bf65b,128,1,2024-02-22T07:23:50.877Z,2024-02-22T07:24:19.850Z,"1675,114923,1676,5484,111754,66,5241,1441,5163,192,5133,5231,5232,112786,7364,112184",6955326
849802,85d041e7-18db-4309-b28d-759d1490fd59,128,1,2024-02-22T07:23:24.488Z,2024-02-22T07:24:19.850Z,"111839,794,111768,111770,5500,111749,2539,5240,111906,321,111763,9143,112113,112620,112112,112655,128747,5798,390,115513,1676,116352",6955309
849803,971d2947-362f-40eb-9b52-f89e5e6d091e,128,1,2024-02-22T03:55:55.670Z,2024-02-22T03:58:17.005Z,"346,66,5484,111754,322,1675,1676,5262",6948292
849804,8a57d0b9-ad84-451b-8faf-2298375ce856,128,1,2024-02-22T03:55:50.475Z,2024-02-22T03:58:17.005Z,"5163,5231,5232,66,111760,5484,111754,3903,111704,140292,114923,5262",6948291
849805,c11e7daa-84c6-4bee-b165-fda335d468b0,128,1,2024-02-22T03:51:46.840Z,2024-02-22T03:58:17.005Z,"66,111754,346,970,111782,5181,3350,1675,1676,116352",6948197
849806,6a868ea2-6e54-496f-9bce-9c8c086f4ea7,128,1,2024-02-22T03:51:42.743Z,2024-02-22T03:58:17.005Z,"5798,1788,115460,115513,5248,5262,192,5484,111754,66,5241,1441,5163,5133",6948196
849807,a9db2d85-a856-42af-8f58-10f6d12bd385,128,1,2024-02-21T16:29:51.468Z,2024-02-21T16:37:20.395Z,"5484,111754,66,5241,1441,2010,5163,192,5133,111857,111839,112732,3642,115693,4213,2468,304,5262,5862",6927693
849808,bd8fc801-4680-4043-93fa-42791fae579c,128,1,2024-02-21T13:21:13.478Z,2024-02-21T13:21:28.207Z,"5448,116352,2879,8447,161863,666,111767,111796,430,112054,111996",6922197
849809,faad9e6c-6224-4c00-aaf8-150bfc5a4f97,128,1,2024-02-21T13:20:51.394Z,2024-02-21T13:21:28.207Z,"128747,1238,4245,161817,116352,5248,111768,5132,111770,5240,112295,112076",6922187
849810,5d01e00b-9b43-448f-9d99-ad22886f5ba5,128,1,2024-02-21T13:20:49.852Z,2024-02-21T13:21:28.207Z,"5499,111978,161872,116137,118762,116352,123298,124666",6922184
849811,afc89851-7168-4a76-aa44-5514d1ef526a,128,1,2024-02-21T09:35:39.076Z,2024-02-21T09:36:10.248Z,"5163,192,66,5133,5484,111754,115693,1930,3645,5248,5262",6916014
849812,e783db37-2c78-4436-997e-e2122f43a03a,128,1,2024-02-21T09:33:49.344Z,2024-02-21T09:36:10.248Z,"113494,141633,112283,161817,116352,124666,112641,113212,111936,5409,3915,112243",6915990
849813,29373005-e9da-44c2-bbf8-9efa7bb836c7,128,1,2024-02-21T09:33:38.756Z,2024-02-21T09:36:10.248Z,"143215,111864,116352,111763,111797,2309,8447,111848",6915988
849814,53cdb898-7625-4ec0-b6e6-6676cbd3e733,128,1,2024-02-21T09:32:04.843Z,2024-02-21T09:36:10.248Z,"1895,111779,8211,111780,111781,111782,116352",6915968
849815,c727f9c5-78e7-4969-922e-5e0e7239ff58,128,2,2024-02-21T02:12:04.764Z,2024-02-21T02:12:18.433Z,"3647,5787,5942,5262,5193,1930,111761,112035,833,111939,5163,6652,192,66,111778,5133,112368,6924",6903882
849816,5f1094d8-dc17-4ab3-a1da-fe89da411c92,128,1,2024-02-21T01:58:30.306Z,2024-02-21T02:12:18.433Z,"5232,2113,126752,114923,5262,5231,5163,192,66,5133,1895,111779,322",6903554
849817,e63f2650-6e18-47a1-9784-ab7a4c1dfed2,128,1,2024-02-21T01:57:33.293Z,2024-02-21T02:12:18.433Z,"3084,5248,5262,5163,192,66,5133,111754,5484",6903536
849818,84b30cf3-235b-4537-8b80-a2005f182ce0,128,1,2024-02-21T01:57:29.876Z,2024-02-21T02:12:18.433Z,"5163,5231,5232,66,111774,111775,5484,111754",6903535
849819,bd3abad5-6058-4680-9047-5493ccebc588,128,1,2024-02-21T01:57:27.802Z,2024-02-21T02:12:18.433Z,"5163,192,66,5133,1895,111779,5232,8688,78490,114923,3084,5262,5231",6903534
849820,c7edaf79-55f4-43f2-8113-72ffdebdc847,128,1,2024-02-21T01:57:19.438Z,2024-02-21T02:12:18.433Z,"9090,112586,111757,111758,111834,111835,112014,111838,112728,111805,5448,143215,152340,161876,116352,111763,2879,8447,162001,112359",6903527
849821,219da78b-3499-4a90-836b-30c0df2ea392,128,1,2024-02-20T14:05:21.452Z,2024-02-20T14:05:42.555Z,"321,111763,111822,666,112437,111898,15860,2309,112281,5998,111970,111868,7757,8447,5448,29006,149130,114572,5347,116352,3731",6876884
849822,fda41111-a38a-46c0-90fd-982a0ca4564a,128,1,2024-02-20T14:02:22.289Z,2024-02-20T14:03:07.556Z,"414,111794,1169,111815,112358,112033,66,5193,111849,8628,112863,114923,1676,5262,5231",6876780
849823,bc6c2ad1-c96c-4a70-8824-de9ca65159ab,128,1,2024-02-20T12:28:49.532Z,2024-02-20T12:30:02.154Z,"1676,5248,5262,322,5484,111754,66,5163,192,5133,833",6874424
849824,4ab10ac0-4139-4159-838e-aaa835810804,128,1,2024-02-20T12:28:47.772Z,2024-02-20T12:30:02.154Z,"5232,118075,112028,114923,5262,5231,5163,192,66,5133",6874423
849825,4a2da425-0a85-4246-b7cb-430a5788a4d1,128,1,2024-02-19T15:02:55.000Z,2024-02-19T15:01:28.581Z,"321,111763,16129,2309,111864,8447,111768,6640,111769,2442,16188,5448,149130,116352,666",6834783
849826,808d8e30-f05c-4671-a735-2b3256cae647,128,1,2024-02-19T14:57:04.987Z,2024-02-19T15:01:28.581Z,"5448,149130,116352,2879,8447,1853,321,111763,111768,5181",6834644
849827,451d12db-5d50-4601-b161-2f8c8a93594d,128,1,2024-02-19T14:56:59.432Z,2024-02-19T15:01:28.581Z,"5448,149130,116352,2879,111857,111839,112732,321,111763,8447,111768,5181,322",6834643
849828,123077ca-11a9-4db2-ad2b-5611769af9a9,128,1,2024-02-19T14:56:53.444Z,2024-02-19T15:01:28.581Z,"321,111763,16129,111822,666,111864,5448,149130,116352,2879,2309,8447",6834641
849829,c1c6683d-d61d-4ccc-8a4b-08030b3a45b9,128,1,2024-02-19T14:56:05.365Z,2024-02-19T15:01:28.581Z,"321,111763,16129,8447,111822,666,111768,6640,111769,2442,5448,149130,116352,2879,2309",6834625
849830,cc6c1568-76aa-4313-978d-a01a609d5fbf,128,1,2024-02-19T14:55:46.438Z,2024-02-19T15:01:28.581Z,"321,111822,666,16129,5448,116352,111763,2309,8447",6834616
849831,95b4f74b-ad7e-47d8-a60a-9f46a2861fb8,128,1,2024-02-19T13:39:04.242Z,2024-02-19T13:45:01.425Z,"5193,5484,111754,66,5241,1441,321,111763,8447,112035,111761,5163,531,3737,4211,5772,111785,111893,111839,7757,111857,6016,2309,5133,5448,1930,112001,109771,5262,192",6832100
849832,ddbe2d09-859c-4ee9-8ab0-18ba7648fb6b,128,1,2024-02-19T09:16:15.471Z,2024-02-19T08:20:58.213Z,"321,111763,8447,7757,5448,112570,149130,1675,1676,111864,116352,3731,2309",6824689
849833,ad8cc827-18e6-4722-a851-b1b21c5f3a9a,128,1,2024-02-19T08:19:04.682Z,2024-02-19T08:20:58.213Z,"111936,111857,3915,112283,9090,116352,112599,112359,112665,111989,112234,112235",6823477
849834,9a0a2cf0-3385-417c-8260-f17e6133dd9a,128,1,2024-02-19T08:18:04.370Z,2024-02-19T08:20:58.213Z,"5133,15772,118100,115460,5248,5262,192,111754,66,5484,2175,5241,1441,5163,111844,111845,5606",6823457
849835,ea67094a-12b1-48c6-b272-f7be2bec7d7e,128,1,2024-02-19T08:18:01.673Z,2024-02-19T08:20:58.213Z,"112409,247,5408,112085,112086,7620,161810,116352,124666,147607",6823456
849836,69632d3e-b8f2-499c-b2ff-8971b5598814,128,1,2024-02-19T02:16:13.030Z,2024-02-19T02:36:00.934Z,"120250,161904,161817,1676,116352,112601,414,111794",6814185
849837,7f25c39c-cd15-45f7-9c1a-0cfd53e9967a,128,1,2024-02-19T02:15:35.464Z,2024-02-19T02:36:00.934Z,"3350,116352,111857,112576,111839,322,111869,112714,112300,2487,5409,111937,4156",6814177
849838,335e771f-fb9c-4b7f-8c49-f2e2b4164f22,128,1,2024-02-19T02:14:40.888Z,2024-02-19T02:36:00.934Z,"116352,124666,1765,112220,112222,112279",6814122
849839,a23f2dcb-67da-4839-967f-670e2990d483,128,1,2024-02-19T02:14:01.127Z,2024-02-19T02:36:00.934Z,"5133,120020,9090,114572,5262,15860,192,5193,1930,112035,111761,66,111899,111900,1271,833,111939,111898,112755",6814094
849840,4316412e-8173-42c2-8ec1-2b37a87aed76,128,1,2024-02-18T22:54:30.894Z,2024-02-18T22:56:33.979Z,"111768,112354,111990,112404,126752,5668,116352,6033",6808255
849841,7da68605-30c3-42ea-9c52-5ce568d67154,128,1,2024-02-18T22:54:09.823Z,2024-02-18T22:56:33.979Z,"111937,4156,2069,5409,9664,322,2380,111936,120250,161904,161817,116352,7337,124666",6808242
849842,be0baf6d-c2a0-4205-8d4e-9e6b194d6826,128,2,2024-02-18T15:35:19.762Z,2024-02-18T11:38:44.887Z,"5163,192,66,5133,5484,111754,5241,1441,3737,2010,111989,6924,120020,5148,1930,115513,5262",6792380
849843,57ea3df8-63e5-48da-9079-cf30b10296a6,128,1,2024-02-18T15:34:42.502Z,2024-02-18T11:38:44.887Z,"2487,111759,15831,111841,111767,3787,321,5110,111763,111796,119829,117093,116352,6123",6792360
849844,5a9cce64-7104-4a39-9839-9072e0da52da,128,1,2024-02-18T11:37:43.159Z,2024-02-18T11:38:44.887Z,"414,111794,112365,9090,112359,112864,116352",6786256
849845,f3b2f034-cde8-40e5-80aa-4c09686c9a45,128,1,2024-02-18T11:37:16.929Z,2024-02-18T11:38:44.887Z,"119829,117093,136195,4263,5347,114923,5248,5262,5231,5163,192,66,5133,5484,111754,5241,1441,5193,2435,111899,1705",6786252
849846,d1ec77a2-a19a-496d-9242-459f70a9c22d,128,1,2024-02-18T11:33:29.698Z,2024-02-18T11:38:44.887Z,"5133,116755,6728,115693,1930,111857,162455,5228,144823,5262,15860,3623,192,66,1705,112475",6786148
849847,82860a4d-541a-4b2f-8e60-ad1611214d36,128,8,2024-02-17T22:24:56.475Z,2024-02-17T22:25:50.370Z,"5163,192,66,5133,2013,3642,5148,4213,5262,115936",6765649
849848,1c2f05fd-69f1-480e-a4bc-5c06017e11c6,128,1,2024-02-17T22:13:57.713Z,2024-02-17T22:15:25.083Z,"6016,321,111763,8447,2309,66,8363,111822,666,5448,149130,3731,5262,127305",6765317
849849,7e002b02-252d-471b-b95d-2014d7dedbf9,128,1,2024-02-17T22:13:52.307Z,2024-02-17T22:15:25.083Z,"5448,149130,111864,116352,2309,8447,321,111763,111822,666,112281,2487,322,111759,15831,111841,113232,7660",6765314
849850,eb965546-67ec-456a-b90c-686b93746b68,128,1,2024-02-17T22:13:31.951Z,2024-02-17T22:15:25.083Z,"5448,149130,111864,116352,3731,2309,8447,127305,321,111763,111822,666,29006,112281,112632,5347",6765296
849851,db78b28d-350b-4f90-bd38-3096f2441846,128,1,2024-02-17T22:13:22.446Z,2024-02-17T22:15:25.083Z,"321,111822,666,112281,113232,7757,5448,149130,116352,3731,111763,2309,8447",6765295
849852,72d4a1a5-c85e-44b6-92e5-7f7a8069a802,128,1,2024-02-17T11:30:21.478Z,2024-02-17T11:31:04.751Z,"111844,111954,111955,66,247,111752,112426,114923,5262,5231",6745628
849853,b2678c22-b044-4d48-9015-76da1c27364b,128,1,2024-02-17T11:30:05.271Z,2024-02-17T11:31:04.751Z,"111996,112946,5133,2879,5262,192",6745615
849854,4a2fd58e-53a5-4724-bd6e-0f090f02551d,128,1,2024-02-17T08:51:25.571Z,2024-02-17T08:52:21.981Z,"5193,111783,111784,112755,5232,120244,127302,114923,112424,5262,111785,5231",6742049
849855,a7850b59-87a8-4651-ad47-662a1c7c906b,128,1,2024-02-17T04:29:36.629Z,2024-02-17T04:31:40.690Z,"5997,5262,147607,833,5163,192,66,5133,8688,5193,112643,5484,111754",6735477
849856,29564c1a-8c3b-4ec7-9953-48787242b58a,128,1,2024-02-16T14:27:33.567Z,2024-02-16T14:28:40.864Z,"5232,5133,3642,5231,192,5193,111849,111962,8628,414,111794,16088,66,111761,9090,6481,1271,322,617",6710345
849857,e97b19bc-3c81-4619-963c-0c2f43ebd061,128,1,2024-02-16T05:00:57.531Z,2024-02-16T05:03:37.075Z,"111996,111767,111796,112054,66,321,5110,111763,162400,3787,430",6694146
849858,9727c794-332c-4f2a-b8ad-32ca44345250,128,1,2024-02-15T04:06:28.005Z,2024-02-15T04:07:37.103Z,"7620,111753,111973,111805,111757,111758,113654,111834,111835,7913,112752,55,414,111794,152340,161876,116352,111763,111797,2309,7903,9143,112359",6650408
849859,07ec7b19-ac20-41c4-81db-985dbc863cd1,128,1,2024-02-14T08:18:45.931Z,2024-02-14T08:25:58.190Z,"1853,111857,9090,5262,112359,5163,192,66,5133,5109",6618188
849860,6a9c4747-2ae6-4c15-a76b-ffb93b57ea66,128,1,2024-02-14T03:24:56.207Z,2024-02-14T03:26:06.827Z,"1675,115460,5228,115513,1676,5248,27192,5262,131423,5484,111754,66,5241,1441,5163,192,5133,111844,111845,112085,6611,4211,5772,112227",6610979
849861,c2617acd-91d5-40bd-b61b-ab9f65acbddd,128,1,2024-02-13T10:16:52.384Z,2024-01-12T11:57:08.965Z,"116352,121096,6870,162507,111768,5181,112146,112147,112148,111772",6585943
849862,8a4d3477-e060-4e08-91f4-596642b75a7f,128,1,2024-02-12T17:13:25.860Z,2024-02-12T17:14:32.441Z,"5484,111754,66,5241,1441,5163,322,5232,1675,112028,114923,1676,112378,5262,5231",6559399
849863,680a9450-2818-4177-b107-bc7680255a07,128,1,2024-02-12T03:21:44.937Z,2024-02-10T16:51:03.111Z,"111757,111758,111834,111835,322,81,113257,111805,152340,161876,116352,147976,111833,9143,162001",6539911
849864,21cf5ccf-e7ef-4a30-b675-ba5f1bcab6c2,128,1,2024-02-11T20:53:59.294Z,2024-02-11T20:55:03.052Z,"322,111869,112037,111898,66,5484,111754,4,5241,1441,617,118075,115513,5262",6528961
849865,908b94e3-6851-4540-9260-ae33319ee561,128,1,2024-02-11T05:52:46.065Z,2024-02-11T06:00:15.061Z,"111768,128747,3350,5132,111857,116352,5248,162245,111839,112179,702,111770,5240,111749,2539,112155,111754,66,5484,136827,112732",6503496
849866,c69f5deb-3789-43ee-9bfc-4d0f55e2f9c2,128,1,2024-02-10T16:48:42.996Z,2024-02-10T16:51:03.111Z,"152340,161876,5232,9143,162001,5231,111805,111757,111758,111834,111835,66,113257",6482327
849867,572a5c03-5920-4000-9bf2-48c635cf3fa1,128,1,2024-02-09T12:45:07.961Z,2024-02-09T12:49:16.542Z,"3628,116352,144445,5499",6435175
849868,ed9db1c0-1dbb-4ad0-8a2b-23fcbaa88dcb,128,1,2024-02-08T19:11:02.058Z,2024-02-08T02:32:28.611Z,"3642,27186,1930,1727,6611,115513,2193,5262,5484,111754,66,5241,1441,111844,111954,111955,5163,192,5133,111857,111839,112732",6411280
849869,5ee1c49a-cc9a-40b8-aea7-b0c5be0f5f9f,128,1,2024-02-08T02:32:20.872Z,2024-02-08T02:32:28.611Z,"5484,111754,66,5241,1441,5163,5231,5232,112396,7659,120244,115513,114923,114778,1422,5248,5262",6387375
849870,8fb0ff3b-e231-4818-a07a-0a5c8779b71b,128,1,2024-02-07T15:12:54.683Z,2024-02-07T14:55:27.653Z,"112045,112057,9090,6481,414,111794,116352,2309",6368138
849871,fff343d9-89cd-439a-83c5-3508fb81239c,128,1,2024-02-07T15:12:53.614Z,2024-02-07T14:55:27.653Z,"113121,111989,162900,1853,116352,123298,124666",6368137
849872,833e3954-0352-4780-a687-fd8e10ffa072,128,2,2024-02-07T15:12:49.922Z,2024-02-07T14:55:27.653Z,"5148,162104,5262,110302,5163,192,66,5133,5484,111754,112460,6924",6368136
849873,152bef9d-b496-4b12-9a4d-f386a2b4ee0c,128,1,2024-02-07T14:53:43.218Z,2024-02-07T14:55:27.653Z,"116352,3501,666,111768,6640,111769,321,111763,112025,112023,112007,111822",6367636
849874,b943b281-5449-4b75-97c4-7542be747019,128,1,2024-02-06T04:01:12.679Z,2024-02-06T04:04:13.780Z,"112698,111839,8363,321,111822,111843,794,111906,111868,111970,8682,5998,5448,149130,116352,111763,111931,2309,8447,9143,666",6311680
849875,c1d940ff-29e4-4321-8bd1-f9cb9ec0ac89,128,1,2024-02-04T17:15:15.794Z,2024-02-03T16:50:46.319Z,"111768,2893,111990,161846,5668,116352,6033,6870,1807",6255797
849876,5bf38fe5-0b8e-4af6-b552-2a04d5a97131,128,1,2024-02-04T17:14:41.343Z,2024-02-03T16:50:46.319Z,"5232,1675,4409,9090,125583,114923,1676,162710,112377,5109,5262,5231,112346,111945,5163,66,5193,5484,111754,5241,1441,322,7660,111899,111775,545,3736,63191",6255747
849877,e87ea170-1c37-4c95-b254-65106dea6ccc,128,1,2024-02-04T03:46:52.414Z,2024-02-03T16:50:46.319Z,"111899,66,111900,5163,192,5133,321,111763,111791,111923,666,112023,162601,15772,7212,115693,1930,5228,545,6033,112616,5262",6234383
849878,1e341bb4-1287-4b70-b8ff-16b3efe2dc47,128,1,2024-02-03T23:57:35.255Z,2024-02-03T16:50:46.319Z,"2534,1675,9090,125583,114923,1676,162015,5109,162438,112152,16019,111945,5163,5231,5232,66,112346,112377,111936,112740,111775,545,3736,111899,111791,111923,111900,5193,4409,5484,111754",6229004
849879,46e4c2cd-c420-4d3a-8d9f-dcf4bd3f5db6,128,1,2024-02-03T16:46:25.433Z,2024-02-03T16:50:46.319Z,"123246,114923,545,112424,112616,5262,1807,111791,111923,111899,66,111900,5163,5231,5232",6216447
849880,e3b290d8-200f-45f0-abe5-b98b727d6875,128,1,2024-02-03T16:45:26.815Z,2024-02-03T16:50:46.319Z,"321,111763,5163,192,66,5133,111899,111900,111791,111923,666,112023,112025,5484,111754,115693,1930,5228,545,6033,112616,5262",6216434
849881,4d13f574-690b-412a-9195-01293b210a02,128,1,2024-02-02T16:54:08.365Z,2024-02-02T16:41:04.128Z,"111768,5132,111770,5240,5186,111763,112188,321,116352,120012,666,127305",6183099
849882,aa6dedb6-e0a5-4be4-9e42-8b5ba956fcbf,128,1,2024-02-02T16:48:39.202Z,2024-02-02T16:41:04.128Z,"321,111763,6016,111822,666,2309,66,112281,7757,5232,5448,149130,5347,114923,3731,8447,5262,127305,5231",6182952
849883,eedb126f-8d35-4b7c-832e-0749e6c2ed80,128,1,2024-02-02T16:37:44.494Z,2024-02-02T16:41:04.128Z,"321,111763,111822,666,112281,113051,111757,111758,8356,113232,66,5448,1713,116352,3731,23049,147874,111825,127305",6182607
849884,6410321a-27a8-48a2-8c03-86f8a2614b37,128,1,2024-02-02T16:37:32.878Z,2024-02-02T16:41:04.128Z,"321,111763,7757,111822,666,112281,6016,29006,5448,149130,116352,2309,8447",6182593
849885,3a30e06a-3c77-4d8f-8465-d62a4522af6b,128,1,2024-02-02T11:42:30.694Z,2024-02-02T11:43:54.267Z,"321,111763,29006,114219,5448,5347,116352",6174310
849886,3590c73f-d1fd-4645-818e-20352de7a660,128,1,2024-02-01T12:01:21.990Z,2024-02-01T12:01:40.546Z,"321,111763,111822,666,3915,111856,5110,112340,111857,111839,119829,112401,1744,120250,161904,116352,111931,123298,124666",6135563
849887,7b1a2d5f-2ddd-478e-8abc-69c931c08826,128,1,2024-02-01T12:01:14.820Z,2024-02-01T12:01:40.546Z,"111936,120250,161904,161817,116137,116352,151577,3370,124666,5409,9664,112417,112010,2069,112053,3915,112618,111937,113021",6135562
849888,88d17bb1-589b-44b6-b153-d17b113426c1,128,1,2024-01-31T15:07:03.894Z,2024-01-31T14:57:31.679Z,"5484,111754,66,5241,5163,5231,5232,111844,111845,5133,119829,5785,6033,1441,5453,5262,6870,192",6103308
849889,ed1592ab-5dd0-4f0e-b83d-f267c200972e,128,1,2024-01-31T14:53:27.517Z,2024-01-31T14:57:31.679Z,"1675,114923,1676,5248,5262,5484,111754,66,5241,1441,5163,5231,5232,111844,111845,5606,2175,111752",6102828
849890,77141133-d103-44e1-8390-fdc2488846e1,128,1,2024-01-31T14:53:02.326Z,2024-01-31T14:57:31.679Z,"147751,1675,3624,115513,114923,1676,1441,5248,5262,5231,5484,111754,66,5241,111844,111845,322",6102824
849891,5f8c590b-3b37-4d0e-9f0a-60801bf32787,128,1,2024-01-30T12:09:30.680Z,2024-01-30T12:10:31.820Z,"5232,161944,112028,114923,111763,5262,5231,55,111797,7903,7913,5193,111783,111977,833,414,111794",6060154
849892,2d3da6a9-86cb-46a6-982c-71c68ec0a046,128,8,2024-01-30T12:08:21.084Z,2024-01-30T12:10:31.820Z,"5484,111754,66,5241,1441,5163,322,81,7802,5133,5148,1675,1676,2468,304,5248,115521,5262,2013,192,112683",6060119
849893,af225206-c329-482e-9376-586677c87266,128,1,2024-01-30T12:07:23.119Z,2024-01-30T12:10:31.820Z,"322,617,5484,111754,66,5241,1441,5163,192,5133,111774,111775,5232,161817,114923,5262,5231",6060091
849894,25e91017-0db9-492f-b9d9-a33e6ea7f9e2,128,1,2024-01-29T16:02:51.637Z,2024-01-29T16:03:59.569Z,"321,111763,8447,6016,111848,2309,116352,3257",6024593
849895,350bab52-6ad4-470d-b250-c2e7c8e025b1,128,1,2024-01-29T16:02:29.074Z,2024-01-29T16:03:59.569Z,"5484,111754,66,5241,1441,5163,192,5133,833,5232,3800,5997,112028,115513,114923,5262,5231",6024570
849896,96a0feb4-a992-4f2d-b6e6-fd618813d7a8,128,1,2024-01-29T16:00:00.163Z,2024-01-29T16:03:59.569Z,"322,111869,5894,7660,66,5484,111754,5241,1441,110401,7337,5262,114502",6024494
849897,26534406-6e43-47a5-b371-7b1dc38c004c,128,1,2024-01-28T18:33:50.035Z,2024-01-15T05:02:33.549Z,"116755,116352,111768,6728,111876,111875,6752,66",5992342
849898,c63dcfd2-be0b-4c06-a4d4-01c99dbcffea,128,1,2024-01-27T17:09:14.135Z,2024-01-27T17:11:36.260Z,"3737,66,5163,192,5133,5193,1930,111763,5484,111754,5241,1441,321,111783,111931,5262,5248",5949833
849899,63cc1c40-117e-4d04-877d-5f1b10b3134c,128,1,2024-01-27T15:03:57.618Z,2024-01-27T15:07:26.174Z,"414,111794,111763,5662,321,2309,8447,112248,1169,111815,8363,112133,5448,149130,116352",5946284
849900,513b3bc0-87cb-40e4-9fbe-d9cb6fcd8e45,128,1,2024-01-26T20:23:00.297Z,2024-01-26T20:23:24.206Z,"117093,5347,116352,3731,321,111763,111768,6640,111769,2442,666,111822",5917915
849901,fe242024-7bd2-434c-9a28-ab3d112730be,128,1,2024-01-25T10:13:37.292Z,2024-01-25T10:16:41.290Z,"1853,116352,2641,5262,322,81,5484,111754,66",5864462
849902,817df465-cd30-44f5-bfa8-082a26952389,128,1,2024-01-25T10:13:26.099Z,2024-01-25T10:16:41.290Z,"5484,111754,66,5241,1441,322,1853,116352,2641,5262",5864461
849903,be9b4186-e292-4a92-bc18-65154efbd3f6,128,1,2024-01-24T18:06:06.180Z,2024-01-24T18:25:32.540Z,"5484,111754,66,5241,1441,5163,5231,5232,111763,321,322,162843,114923,5248,2879",5842112
849904,003c71e4-dcb0-46dd-937a-61276d7266f0,128,1,2024-01-23T19:05:15.098Z,2024-01-23T19:06:55.835Z,"322,111869,112576,111839,112714,112179,112300,2487,5409,9664,112417,7660,111857,120250,161904,161817,116352,3370",5807875
849905,d1250cd8-8563-4d0a-8f08-ec40d596a666,128,1,2024-01-23T19:04:53.937Z,2024-01-23T19:06:55.835Z,"111774,111775,66,5163,5193,7168,5133,3647,1930,5228,5262,3623,192",5807868
849906,7122eceb-055f-4728-8eda-7cb5ad35599c,128,1,2024-01-23T18:35:52.643Z,2024-01-23T18:38:57.756Z,"5148,115693,1930,1675,5228,1676,5262,5163,192,66,5133,7168,5484,111754",5806871
849907,f753952e-8aed-4210-b933-63b77b6419ce,128,1,2024-01-23T18:34:41.079Z,2024-01-23T18:38:57.756Z,"111768,128747,5132,9090,116352,5109,112359,112295,111770,5240,112665",5806825
849908,b588c45a-5c6a-45d6-8f58-ae75c4fca761,128,1,2024-01-23T03:43:10.074Z,2024-01-23T03:03:19.984Z,"116352,8447,161863,111768,7894,112067,111770,111870,111763",5783163
849909,e9e90c38-8604-46a8-927f-68a1209b2c9a,128,1,2024-01-23T03:41:59.254Z,2024-01-23T03:03:19.984Z,"111768,6640,111769,2442,111770,112166,7894,111763,321,5448,116352,8447,161863",5783130
849910,b26e44ad-145f-4cb5-929d-697ba93bd82f,128,1,2024-01-23T03:19:34.249Z,2024-01-23T03:03:19.984Z,"111886,111887,112667,114273,3642,140255,125577,1853,114923,162710,16001,2687,5262,531,6997,5231",5782564
849911,0fa08a12-aafc-469c-ad96-788b690fd797,128,1,2024-01-23T02:59:49.024Z,2024-01-23T03:03:19.984Z,"111886,1853,111887,111763,114273,114923,162710,150069,5262,5231",5782118
849912,92043eaa-e50d-4a7c-80a5-ffb03bddcfea,128,1,2024-01-22T09:46:16.436Z,2024-01-22T09:48:26.745Z,"3350,1744,116352,111931,124666,111759,112180,5787,112401,112186,5905,112410",5755916
849913,6ebb9ac4-bd29-40e9-823f-afeed081e659,128,1,2024-01-22T08:05:28.219Z,2024-01-22T04:19:48.372Z,"1930,1676,6033,5248,5453,5772,5262,192,5484,111754,66,5241,1441,5163,5133,322,111774,111775,81",5754079
849914,4c1d89f9-a086-404c-86ab-8132befa7815,128,1,2024-01-21T13:12:48.056Z,2024-01-21T13:13:38.869Z,"161890,161817,1675,9664,322,5409,112417,111857,112576,111839,112172,112625,111759,5787,112231,111976,1729,1676,116352,7337,124666,9143",5727079
849915,5be5cc4f-801b-4ace-b022-43ee620609a9,128,1,2024-01-20T20:46:14.314Z,2024-01-20T20:47:28.920Z,"5484,111754,66,5241,1441,111844,111845,5163,5232,114273,1675,115513,114923,1676,5248,5262,5231",5705483
849916,884012ed-c328-46a8-8e93-7490ce4bf1af,128,1,2024-01-20T20:46:03.389Z,2024-01-20T20:47:28.920Z,"5193,111783,66,531,111784,16001,111804,7954,114273,114572,114923,5262,15860,111785,5231",5705474
849917,121a2729-ab8f-4af9-99aa-0cf34f18dcdd,128,1,2024-01-20T16:36:40.701Z,2024-01-20T16:39:06.225Z,"112220,1675,1676,116352,120012,1765,111805,111757,111758,112260,111782",5697988
849918,48cf09ac-4942-4ff1-86af-06aacc277046,128,1,2024-01-19T14:57:03.546Z,2024-01-19T14:58:00.039Z,"111789,112131,111790,111791,113129,116755,6728,1675,1676,116352,7337,124666,114502",5661001
849919,502b6604-4595-4336-ae33-4c4d4009e1da,128,1,2024-01-19T12:35:21.736Z,2024-01-19T08:32:08.398Z,"158022,116352,8682,112019,111839,112946,3707,111859,6894,111860,111893",5656997
849920,460b1970-2575-4d17-ada6-d7ac55f6506a,128,1,2024-01-19T08:31:10.092Z,2024-01-19T08:32:08.398Z,"116352,124666,16129,321,111763,1090,16188,112622",5651915
849921,05a9ed3c-308c-4d18-973d-4c2ec5896a90,128,1,2024-01-18T07:36:35.619Z,2024-01-17T16:44:44.797Z,"111857,111839,112732,111763,321,3350,116352,162245,136827,124666",5617679
849922,76b8ab5f-c08d-4c74-9975-6896ea042757,128,1,2024-01-18T07:35:45.993Z,2024-01-17T16:44:44.797Z,"112401,120250,161904,116352,162245,136827,124666,111857,111839,112732",5617669
849923,206792b9-d0d5-4b70-bc1e-8d7fd2bb441e,128,1,2024-01-17T16:37:11.647Z,2024-01-17T16:44:44.797Z,"3350,143276,111857,116352,111763,124666,111839,112732,321,7757,16129,112693,16188",5593991
849924,e3591b04-c347-49b2-9b4a-83b7ce3fca58,128,1,2024-01-17T16:36:30.413Z,2024-01-17T16:44:44.797Z,"116755,6728,116352,5894,111768,111876,111875,6752,5163,6652,192,66,111778,5133,111839",5593983
849925,a6ba71ca-9dd4-46e4-8ef9-877a69ae4ec2,128,1,2024-01-17T08:50:51.353Z,2024-01-08T16:39:26.640Z,"322,111768,81,5163,6652,66,111778,112272,5484,111754,7660,5181,22328,5787,5228,7081,120125,5248,111782,192,5133",5583263
849926,6219f0b3-ce43-4a0e-af5a-ad3c534a874b,128,1,2024-01-16T11:28:22.507Z,2024-01-13T10:20:11.807Z,"5193,111783,66,5163,5231,5232,5484,111754,322,5241,1441,114273,114923,1676,531,370",5553024
849927,7dc8c30e-d585-4191-8ed5-bdda4aeac2be,128,1,2024-01-15T16:13:18.324Z,2024-01-14T16:08:36.041Z,"5163,66,5133,112755,1930,9090,114572,5228,5262,531,15860,112359,117241,192",5526528
849928,6917c377-2297-4736-b65c-95c84cad7943,128,1,2024-01-15T05:01:01.239Z,2024-01-15T05:02:33.549Z,"112019,111839,66,111768,111857,111763,116429,3350,116755,5780,390,321,116352,131423,9143",5510379
849929,ad5403b7-0af7-4037-9ece-f980e74af8a0,128,1,2024-01-14T16:04:59.828Z,2024-01-14T16:08:36.041Z,"114923,5248,5262,5231,5484,111754,66,5241,1441,5163,192,5133,111844,111845,4211,5772,111954,111955,7802",5490016
849930,721386dc-7691-41e3-bc00-5e1d02c28d93,128,1,2024-01-12T11:55:50.343Z,2024-01-12T11:57:08.965Z,"111968,5785,697,5787,6611,2193,5262,192,66,5484,111754,111772,5133",5409773
849931,d5f659e1-a881-4247-b167-9cea3c8b91da,128,1,2024-01-12T11:52:33.989Z,2024-01-12T11:57:08.965Z,"16068,112492,99,9418,112090,116352,124666",5409688
849932,1c042c5a-aae9-4a49-867f-b9fc6a947362,128,2,2024-01-11T16:03:28.213Z,2024-01-11T16:08:57.247Z,"3641,529,3642,3682,5787,5228,5262,112023,3623,5193,1930,5163,192,66,5133,112035,111761,5241,111763,5484,111754,1441,833,3621,321,666,4,6924",5383736
849933,5af37ade-c3c5-4481-8b0f-ae8095f20d64,128,2,2024-01-10T18:11:38.773Z,2024-02-24T06:32:03.881Z,"3642,5148,3643,115693,16001,5109,5262,6907,192,5163,66,5133,5484,111754,5241,1441,322,7660,4,6924",5358397
849934,537dd5fc-806a-42de-a7df-b832945ffd2e,128,1,2024-01-10T17:30:38.704Z,2024-01-10T17:35:54.688Z,"5484,111754,66,5241,5193,5163,5232,114273,7659,119829,120244,4409,115513,114923,1441,5248,5262,5231",5357439
849935,b36795ea-52e5-428e-bcd2-79d70c227d05,128,1,2024-01-09T16:15:44.904Z,2024-01-09T15:55:31.380Z,"19179,321,111763,111839,794,2309,112712,111931,666,9143,390,114572,116352,15860",5323443
849936,46eb6b02-0af5-4594-ba93-1ee432acc543,128,1,2024-01-09T16:10:35.310Z,2024-01-09T15:55:31.380Z,"322,2487,111768,5181,111769,111763",5323307
849937,a5303cb4-61b1-4ca2-a1c8-5350b7c20dcf,128,1,2024-01-09T15:41:45.861Z,2024-01-09T15:55:31.380Z,"111768,2893,111990,16129,111763,111875,112824,111769,321,7757,111822,666,112693,16188,119829",5322368
849938,c4328d21-fa26-4169-9fc2-654598a630da,128,1,2024-01-08T16:36:09.119Z,2024-01-08T16:39:26.640Z,"1675,1676,5248,111960,5262,192,322,5163,66,5133,81,111774,111775,5484,111754",5292452
849939,a93cf510-e277-4100-b5f2-49a11b233307,128,1,2024-01-07T14:14:22.915Z,2024-01-07T14:17:26.428Z,"321,111763,8447,5448,112570,7757,111768,5181,1675,1676,116352,2309",5254958
849940,ec5e6338-0c04-4275-9173-021fd3d8b96d,128,1,2024-01-06T15:06:31.234Z,2024-01-06T15:08:10.644Z,"111844,5484,3642,3656,131392,5997,1853,697,115460,115513,5248,5262,110302,162175,111754,111845,66,5241,1441,5163,192,5133,111759,5787,5942",5222672
849941,0455d850-3b33-4be1-86c5-91cf020ed6f1,128,1,2024-01-06T11:39:43.181Z,2024-01-06T11:42:58.813Z,"322,81,5163,192,66,5133,5484,111754,112222,114273,697,114923,6033,5231",5217992
849942,7a55455f-871d-495b-92fc-1a2f36426cf9,128,1,2024-01-05T08:58:00.894Z,2024-01-05T09:04:39.286Z,"5484,111754,66,5241,5163,5232,4211,5772,114273,7659,120244,115513,114923,2043,115724,1441,5248,5262,3627,5231",5185531
849943,3c2869c7-e49c-47fd-987e-8499daba33d1,128,1,2024-01-05T08:57:46.105Z,2024-01-05T09:04:39.286Z,"114273,161820,114923,2309,5262,15860,5231,66,111785,321,111763,8447,7757,111839,9143,16188",5185530
849944,311ec6a8-0c4b-4023-ada0-5ae39116c265,128,1,2024-01-05T08:55:57.448Z,2024-01-05T09:04:39.286Z,"111754,66,5484,5163,6652,111778,5133,3737,112393,111759,5787,5942,112381,15772,112807,1930,2010,5262,1776,192",5185469
849945,f6a6bde0-56e7-41ad-8701-bcaf1686e042,128,1,2024-01-04T16:24:08.876Z,2023-12-15T11:35:34.975Z,"116352,3370,124666,5409,9664,112417,111857,112576,111839,2069,112721,112989,112732",5164065
849946,20f9db2c-7a52-4a3b-9862-789c55b1feb9,128,1,2024-01-03T10:25:22.857Z,2024-01-03T10:21:29.607Z,"111757,111758,111834,111835,66,111768,5181,55,7913,322,111805,5448,152340,162011,161876,116352,111797,8447,162001",5126383
849947,372ded7f-9f9c-48ae-ac99-ac56f0116b97,128,1,2024-01-03T10:24:35.852Z,2024-01-03T10:21:29.607Z,"5193,111783,111773,111757,111758,5163,5232,66,55,7913,112728,111834,111835,111849,8628,111784,112726,111805,152340,4409,161876,129154,111797,7903,5231",5126358
849948,07baf6fe-548c-461a-9b08-3bdc28d030c2,128,1,2024-01-03T10:23:51.019Z,2024-01-03T10:21:29.607Z,"5193,111783,55,5163,5231,5232,66,111805,111757,111758,111797,7903,7913,111834,111835,111794,152340,162011,161876,111763,520,113253",5126337
849949,fccde644-e62b-4f31-a654-5a06275b3e6d,128,1,2024-01-03T10:23:20.025Z,2024-01-03T10:21:29.607Z,"111834,111835,111805,112728,111757,111758,111837,111838,111836,4379,111832,111833,112726,111794,5448,152340,161876,116352,162001",5126331
849950,9f6f71a0-aa58-44db-a45d-1b9dcf031bd9,128,1,2024-01-03T10:23:00.119Z,2024-01-03T10:21:29.607Z,"111805,152340,161876,129154,520,2879,111797,7903,162001,5231,111757,111758,111834,111835,55",5126323
849951,83b9c040-19f7-4f03-85bf-ed27ca771b25,128,1,2024-01-03T10:17:09.425Z,2024-01-03T10:21:29.607Z,"111757,111805,5448,149130,152340,5347,161876,5110,520,8447,111758,66,55,111834,111835,111798,7913,111763,111797,7903,321,5193,111849,8628,111777",5126209
849952,cc7e31a8-05fd-49dd-a996-e814bc2cb3b3,128,1,2024-01-02T11:21:09.667Z,2024-01-02T11:24:20.758Z,"6016,321,111763,8447,2309,8363,111797,433,116352,3257",5097240
849953,94344c93-a2c1-41f1-949b-0e2deb0b9ea4,128,1,2024-01-01T13:09:34.104Z,2023-12-29T14:32:02.253Z,"147751,143215,3952,390,111893,114572,321,116352,111763,5262,15860,9143,111768,111770,7894,112795,112494,112755",5072303
849954,e8b57e8e-9d4e-45e2-8550-ca87d7c6b820,128,1,2024-01-01T13:04:12.492Z,2024-01-01T13:05:30.708Z,"111777,112039,111936,9090,116352,2309,3370,124666,111807,112359",5072206
849955,26a9443c-2560-4874-8553-20901ee89117,128,1,2023-12-29T14:28:00.703Z,2023-12-29T14:32:02.253Z,"111768,111749,111770,112655,5500,2539,5240,112620,389,7894,128747,3350,390,321,116352,111763,5248,9143",4990496
849956,7ac53ca3-89c9-4823-8de9-6286f2df8d3b,128,1,2023-12-28T16:21:45.946Z,2023-12-28T16:24:54.584Z,"3642,4409,2193,5262,192,5484,111754,66,5241,1441,5163,5133,5193,112085,6611",4961660
849957,823fb6dd-e1e6-44f9-9545-9ecd1f1457b2,128,1,2023-12-26T13:46:58.843Z,2023-12-26T13:50:23.476Z,"3647,5448,5262,111785,5163,192,66,5133,111763,321,213,7757,111768,5181,2309,6016,8447",4900699
849958,26fb974e-145e-4a13-8234-3b6aa2107870,128,1,2023-12-25T16:46:33.600Z,2023-12-25T16:49:20.666Z,"128747,161817,116352,111768,5181,3955,113426,113639,111956",4879396
849959,229111bf-ccd0-4b44-b93a-60edb718a421,128,1,2023-12-19T11:58:47.342Z,2023-12-15T11:35:34.975Z,"111936,116352,124666,322,2380,9664,2069,5408,112085,112086",4711573
849960,d6fae2c6-2a40-4094-b85e-02fe716f25ce,128,1,2023-12-18T13:23:05.233Z,2023-12-15T11:35:34.975Z,"111857,9090,114572,116352,15860,112417,112359,9664,111839,112665,5409,322,112576,112625",4685065
849961,a3fea7b9-82ad-4b92-81b7-12d689f56ca9,128,1,2023-12-17T12:51:01.086Z,2023-12-15T11:35:34.975Z,"161820,116352,124666,9143,112721,111857,111839,112989,112646,112179,322,111768,5181,112359,112665,111840",4657091
849962,47635c1a-b378-4005-ab9c-21c974410f5b,128,1,2023-12-16T08:18:43.298Z,2023-12-15T11:35:34.975Z,"113025,1729,111807,322,111869,111996,2069,111898,119829,116352",4624750
849963,436cbe05-2468-4579-9c43-29312907e4ed,128,1,2023-12-15T11:31:57.491Z,2023-12-15T11:35:34.975Z,"116352,111807,162612,112599,9143,9664,111857,111839,112576,112359,112665,111936,112234,112235",4602455
849964,dd664f7b-5b8c-4f1a-bcb6-83746500a977,128,1,2023-12-14T14:35:02.442Z,2023-12-14T14:36:22.599Z,"7004,66,5484,111754,5894,322,111869,111967,112446,112447,119829,160869,115513,2193,6033,1441,5262",4578735
849965,8b07507a-e2ba-4911-8872-fc420282fc83,128,1,2023-12-14T14:31:58.832Z,2023-12-14T14:36:22.599Z,"5894,322,111869,5484,111754,66,7004,111967,112446,112447,120250,161904,115513,1441,5262",4578667
849966,1e2a183b-9b7a-48a1-995b-1294cad15c3f,128,1,2023-12-12T05:48:38.356Z,2023-12-11T13:56:00.420Z,"3642,111794,55,5228,115513,111763,161816,27192,162745,111871,5262,192,5163,66,5133,833,4,5484,111754",4423152
849967,7fe3d4d3-58d6-4ae7-9f15-3a55a200b53f,128,1,2023-12-11T13:52:06.856Z,2023-12-11T13:56:00.420Z,"322,5193,1441,5241,111754,5484,833,5133,66,5163,192,113754,131423,5262,111871,162745,5248,16001,5228,161944,3642",4405701
849968,3df02b84-ab55-425f-9967-72bee42651e4,128,2,2023-12-08T14:19:33.613Z,2023-12-08T14:23:04.893Z,"7168,66,5484,111754,5241,1441,5193,6924,529,5148,15772,1930,5228,5248,5262,3623,192,5133",4318805
849969,8ecd7b4a-30f6-4915-9715-ebe622cee96b,128,1,2023-12-06T08:51:24.820Z,2023-12-06T08:57:11.608Z,"5262,5798,116352,120012,6594,161872,448,3739,162963,322,617,7660,66",4243829
849970,a9927384-0cd5-4937-825a-f57379a8c3cd,128,2,2023-12-05T08:27:08.609Z,2024-02-24T06:32:03.881Z,"5262,5148,111960,15772,2687,3643,4213,3571,113072,5248,163447,5484,111754,66,5241,1441,5163,192,6924,5133",4209780
849971,50bc5ba5-dc2a-45e6-bc8c-5c7f415772f3,128,1,2023-12-04T16:03:25.141Z,2023-12-04T16:04:23.721Z,"5163,192,66,5133,112045,112665,5262,5109,9090,112028,116352,112359,111776,147607,112100",4186622
849972,8a0cbb10-c67f-4277-9ac8-49455f2ccb35,128,1,2023-12-04T16:02:50.768Z,2023-12-04T16:04:23.721Z,"1729,66,111776,112499,111757,111758,111834,111835,5193,111849,8628,114273,5109,1676,1675,114923,129154,118413,3370,152340,112184,112026,5231",4186610
849973,b2b35a09-0999-4024-a632-bacf772aa505,128,1,2023-12-03T08:27:55.849Z,2023-12-01T15:32:55.999Z,"7757,112570,1676,78430,1675,111763,8447,5448,116352,3731,149130,321,2309,114572,111864,6016,8363",4138862
849974,0397f409-a2c5-4ad0-85eb-31e066925e40,128,1,2023-12-02T12:04:43.881Z,2023-11-30T12:58:10.839Z,"111775,66,5163,6652,111778,111899,111900,111882,5193,112799,5262,5228,111960,2687,3642,5787,531,1238,115693,666,2879,116876,111774,162138,192,112800,5484,111754,5133",4109466
849975,8e51d225-6e33-4441-ba24-6803c53dbe5a,128,1,2023-11-29T15:08:35.315Z,2023-11-29T15:11:39.835Z,"5163,192,66,346,5484,111754,5241,1441,4,322,617,5262,115513,7337,27182,114242,110401,161866,5133",4025646
849976,ec3bd2dd-4be0-4087-b4a2-683b41946547,128,1,2023-11-07T16:57:07.324Z,2023-11-07T17:08:29.550Z,"5193,2435,66,322,7660,321,5110,111763,111978,112038,370,2687,114273,5787,7954,6997,111857,122988,114923,5785,3915,3622,3624,125495,140256,112732,127302,111807,2436,130043,162245,136827,111989,2043,115724,5940,152121,5231",3461932
849977,fd292d06-1df7-4f84-a8a4-e93796bac29c,128,1,2023-11-07T04:16:02.677Z,2023-11-05T09:58:01.547Z,"5484,111754,66,5241,1441,5163,5231,5232,5262,115513,114273,27182,114923,115460,132485,2879,5248,163447",3448672
849978,4acd1f9e-1a2e-450c-9c56-e645fa18cc1d,128,1,2023-11-05T09:46:28.140Z,2023-11-05T09:58:01.547Z,"5163,192,66,5133,111768,111770,112166,7894,5132,5240,322,112038,370,5262,115513,3628,114273,114923,3624,110401,5668,1421,132,5940,110434,5231",3404624
849979,2520908d-b7a3-4baf-aeb6-2ad0faf78302,128,1,2023-11-05T09:38:22.814Z,2023-11-05T09:58:01.547Z,"5262,5228,3642,1930,531,3573,120020,7084,112217,111785,5248,5163,192,66,111768,111749,2539,111770,5240,111910,5133",3404481
