id,image_url,user_id,nsfw_level,created_at,published_at,tag_ids,image_id
433816,f315db34-2e14-4a5b-b28b-14e854203d26,1827,1,2024-04-25T12:02:33.842Z,2024-04-25T12:02:38.594Z,"1441,110302,5248,112891,27191,160869,132485,5942,115513,27186,5228,3642,5262,2193,111968,6611,112085,111754,5484,66,5133,5163,5787,111759",10710855
433817,f6dff0c6-61b2-420c-898e-99ff617f143e,1827,1,2024-04-25T05:50:11.796Z,2024-04-25T05:50:18.492Z,"531,27182,115460,5798,6611,5773,2193,9090,27192,5772,5248,5787,161944,5785,5228,115513,3852,143276,3350,3647,4409,111783,111754,5484,7802,508,5193,111882,5232,5231,5133,5163,66,1692",10691195
433818,7df98b2f-a7ee-4428-962a-ae7536b5f468,1827,1,2024-04-25T05:33:59.558Z,2024-04-25T05:34:04.925Z,"5262,2193,160869,3800,161816,27192,115513,111754,66,5484,5163,5133,111752,112085,6611,5241,1441,119829,6870,7337,130570,115460,119946",10690061
433819,fe0af072-39df-48bc-b3c0-94bec3cfc7aa,1827,1,2024-04-25T05:30:53.186Z,2024-04-25T05:30:59.116Z,"5262,5228,115513,2193,110302,5248,5798,6611,27192,115460,119829,1727,132,5484,111754,66,5241,1441,3642,7802,5163,5133",10689921
433820,7fcdce6e-b216-4ed8-928f-2402a599cf1e,1827,1,2024-04-25T05:30:14.610Z,2024-04-25T05:30:26.212Z,"5231,3642,5238,140856,120708,27182,5228,110302,5232,114923,115513,5262,5133,5163,7660,1441,5241,66,111754,5484,617,322",10689910
433821,8011393b-eedd-48fb-86a0-ae53e76e16d9,1827,8,2024-04-25T05:29:07.143Z,2024-04-25T05:29:20.140Z,"112683,2013,122499,163389,3656,115460,151877,304,666,5248,115693,3642,5262,111847,111896,111754,5484,66,5133,5163,6609",10689800
433822,45534f64-011a-4f3c-93a7-3feec19022c7,1827,1,2024-04-15T17:24:03.558Z,2024-04-15T17:24:24.009Z,"5262,2687,5228,6997,15772,7337,111960,162223,5773,115513,5248,3800,161817,125495,115460,4150,6747,162222,111882,5193,5133,66,5484,111754,5241,1441,111783,508,7802,111761",9952099
433823,be6d0ff2-aab3-4bdc-a3d7-ee041eef239e,1827,1,2024-04-15T17:24:03.528Z,2024-04-15T17:24:24.009Z,"5241,5484,111754,66,1441,4211,5772,112929,5163,5133,2043,120975,5262,115724,114923,5232,162386,4149,5248,115513,120244,3627,161817,110302,122988,7337,5231",9952098
433824,9b2ad540-33d8-42d8-8611-d812bc2b0d74,1827,1,2024-04-15T17:24:03.161Z,2024-04-15T17:24:24.009Z,"1676,111765,112028,122902,2043,120975,114923,5262,1675,370,111763,112378,138613,162046,322,7660,5163,5231,5232,66,5484,111754,81,5241,1441,111768,2893,111990,5133",9952097
433825,9ac37ace-a1c9-41b8-bee4-a4d344d12997,1827,1,2024-04-15T03:22:35.729Z,2024-04-15T03:23:14.284Z,"5163,6652,66,111778,7802,5484,115460,1744,5248,161816,112500,162202,109771,6611,3643,116235,111763,111857,5449,5148,2193,110302,27192,143215,5942,1930,5448,115513,3647,6350,8447,5785,111754,112085,5133,5787,5262,5798",9911767
433826,7fd79ff5-33ce-4cd4-82dc-720869b99554,1827,1,2024-01-16T12:32:15.212Z,2024-01-16T12:32:13.156Z,"66,5484,111754,111760,115460,5248,112378,192,5133",5554231
433827,638ae6f2-65b7-459a-ba70-94288e5faab7,1827,1,2024-01-16T12:32:15.209Z,2024-01-16T12:32:13.156Z,"5133,81,111754,5484,111773,322,112028,833,5193,8688,66,192,5163,6870,125940,5668,161846,112464",5554230
433828,03ee6f21-7b9f-4416-a0d3-6afa776076ec,1827,1,2024-01-16T12:32:15.218Z,2024-01-16T12:32:13.156Z,"111768,111770,5149,112886,66,3707,111859,6894,111860,116352",5554229
433829,16e721d3-1670-4fc4-a74e-069cc5f84554,1827,1,2024-01-16T12:32:15.210Z,2024-01-16T12:32:13.156Z,"5133,192,9143,321,5668,5228,161846,390,1930,111754,5484,5186,66",5554228
433830,8852b6d4-1f3e-477b-9bf5-a0685a584215,1827,1,2024-01-16T12:32:15.210Z,2024-01-16T12:32:13.156Z,"5163,66,5193,111783,111759,111765,111766,3737,111834,111835,112026,111757,111758,161932,3640,1238,78490,4409,112424,162221,5262,531,192,5133",5554227
433831,55743560-a6c6-4420-9c3a-050b15a1fbb9,1827,1,2024-01-16T12:32:15.206Z,2024-01-16T12:32:13.156Z,"120708,161846,115513,5262,5484,111754,66,5241,1441,322,346,81",5554226
433832,f7fb02c6-779c-41e2-92d2-18bee819fb9c,1827,1,2024-01-16T12:00:05.844Z,2024-01-16T12:00:03.419Z,"112028,192,833,5163,66,5484,111754,112643,5193,5133",5553536
