id,image_url,user_id,nsfw_level,created_at,published_at,tag_ids,image_id
904942,8505b5d9-faa0-4cd3-980f-cc2ca9c53ce7,912,1,2024-04-26T00:47:19.002Z,2024-04-26T00:47:21.984Z,"5163,5133,66,5484,111754,4,5193,2435,5148,114246,5798,3624,3642,3626,5262,3622,150614,4836,5785,3643,5787,150102,5228,5772,110302,4213,115513,162713,118953,6194,27182,115460,115059,1930,161924,5983,131390,132105,161851,115185,5773,16188",10757719
904943,83ac5cd1-5f78-439a-930a-c2129f2b42b7,912,2,2024-04-25T01:49:00.590Z,2024-04-25T01:49:12.516Z,"6924,224753,224752,224749,111754,5484,5163,66,2435,5193,16001,111850,5793,116254,5785,4836,149130,111763,115460,122379,143215,147627,162302,4213,114246,115513,5787,130043,161816,6301,3643,3645,5228,161919,5448,8447,5798,3626,3642,3622,5148,5262,3624,5133",10677689
904944,872f341f-5155-477e-b119-8e40d3566274,912,4,2024-04-24T00:15:55.799Z,2024-04-24T00:16:07.706Z,"5193,2435,66,5163,5133,111936,112342,5484,111754,5241,1441,224749,224752,224753,224755,112070,6924,3641,3642,5798,5148,3643,5793,161900,122902,162246,3624,9090,5787,115460,5228,115513,112529,114246,3626,4836,5262",10588724
904945,03804a25-fd04-4e6d-81e3-3b6c99297ea4,912,2,2024-04-23T00:37:07.769Z,2024-04-23T00:37:10.120Z,"5193,2435,66,5163,5484,111754,7802,334,5133,5148,3624,5798,3643,5262,3642,3626,5793,114246,9090,111936,115513,115460,3641,5228,4836,162202,112359,5408,27182,131390,5773,112040,4213,162278,110302,5784,3629,161700,150614,130043,111839,111807,110937,6924",10514927
904946,e04ba12f-6a37-487b-88da-179251962fc3,912,1,2024-04-22T00:04:19.167Z,2024-04-22T00:04:27.330Z,"5193,2435,66,5163,5133,5484,111754,3642,5798,5148,132105,5448,3624,114246,3626,4836,8447,5262,3622",10438617
904947,d29b54f3-74b7-4db0-a25b-b566a83898f5,912,1,2024-04-21T00:21:14.198Z,2024-04-21T00:21:22.051Z,"5193,2435,66,5163,5484,111754,334,111951,5133,5262,5148,5798,3642,118112,3626,3622,3624,3643,122902,112635,5228,5787,114246,115513,5772,5793,4213,6301,111850,151556,115059,115460,130043,5942,147627,1930,132105",10356479
904948,0b79377c-dec6-406b-9b78-e4ef67ff3776,912,2,2024-04-20T00:06:30.830Z,2024-04-20T00:06:34.956Z,"5163,5133,66,5484,111754,7802,111760,224749,224752,224753,5262,3626,5787,3642,3622,5798,5785,5148,3624,114246,5453,4836,3643,5448,115513,4213,5772,110302,161969,115460,150614,163941,150102,149130,131390,8447,27182,5248,6301,6924",10281181
904949,caa2462e-5914-4d1c-a99d-cc6acfcb416d,912,2,2024-04-19T00:22:53.563Z,2024-04-19T00:22:55.922Z,"6924,621,1930,111850,5773,3629,112529,132105,5772,147627,130043,115460,4836,115513,7327,110302,5784,161816,116234,6301,3656,5787,5228,5785,114246,3643,3642,3624,3626,3622,5798,5148,5262,111754,5484,2435,5193,66,5133,5163",10204472
904950,dca29758-4d65-42e9-8511-7ce531d4ecc0,912,2,2024-04-18T01:05:59.949Z,2024-04-18T01:06:02.200Z,"5193,2435,66,5163,5133,334,5484,111754,224749,224752,224753,6924,5169,3642,5798,5148,3643,130043,5785,122902,3624,5787,5228,115513,114246,3626,4836,161865,5262,118112,3622",10134165
904951,449fbebf-27f9-4518-961d-1bb26c60c454,912,2,2024-04-17T02:06:03.947Z,2024-04-17T02:06:06.797Z,"5262,3642,3622,3624,5148,3626,3645,114246,5798,7229,122379,5228,161865,115513,4836,16001,5169,116254,111850,150102,115460,162713,531,5448,110771,5784,110749,161924,161851,4213,147627,5193,2435,66,5163,5133,334,5484,111754,111783,5772,138433,6301,150614,3643,6924",10060105
904952,a668644b-5906-4ddf-b588-f88713b78f77,912,2,2024-04-17T00:01:48.146Z,2024-04-17T00:01:51.985Z,"5148,3624,5262,3622,5798,3626,3642,114246,4836,115513,4213,147627,5193,2435,66,5163,5133,5484,111754,334,8211,111780,111781,111782,224749,224752,224753,6924,5772,161907,5228,112529,5787,5169,110302,6301,5785,130043,3643,115460,131390",10053157
904953,a6972622-6318-4c8a-81bd-2e5851464ce5,912,1,2024-04-16T03:03:43.644Z,2024-04-16T03:03:58.712Z,"5193,2435,66,5163,5133,5484,111754,4,5148,3624,5798,114246,3622,3642,5262,3626,3643,4836,5785,5228,5787,150102,115513,4213,122379,5772,161919,110302,115460,162713,150614,161851,131390,6194,27182,122902,40461",9985153
904954,85640c93-0319-407d-bf92-bb05244bead0,912,1,2024-04-16T03:02:56.046Z,2024-04-16T03:03:05.896Z,"3622,3626,5798,5262,3642,3624,5148,78490,5787,5785,5228,114246,115513,4836,6301,147627,115460,5772,2838,115318,111850,116254,127021,4213,5193,2435,66,5163,5133,5484,111754",9985121
904955,a5096f2e-08a8-421d-8fe9-389ad9aaccae,912,2,2024-04-16T00:03:47.287Z,2024-04-16T00:03:54.801Z,"5193,2435,66,5163,5133,334,5484,111754,8211,111780,111781,111782,224749,224752,224753,6924,3642,5798,5148,5448,122902,3624,115460,5228,115513,114246,3626,4836,161865,8447,5772,5262,118112,3622",9975119
904956,da4c5279-a0e3-410c-a632-6ddc279748ec,912,1,2024-04-15T00:21:26.691Z,2024-04-15T00:21:32.770Z,"5798,5262,5148,3624,5228,3642,3626,3622,122902,3643,122379,115513,111782,5448,4213,114246,115460,161864,27182,6301,5772,149130,8447,1930,132105,3629,5193,2435,66,5163,5133,5484,111754,7620,2397,111753",9902402
904957,88614220-9c72-4c8d-bbce-b5cf5e5c3a27,912,1,2024-04-14T00:02:22.071Z,2024-04-14T00:02:26.080Z,"5193,2435,66,5163,5133,5484,111754,334,3642,5798,5148,132105,3643,116254,5793,5499,150102,162713,5785,122902,3624,5787,115460,5228,115513,4213,114246,16001,161816,122379,3626,4836,5262,150614,111782,3622",9829500
904958,a7cd8757-f38f-4ef3-b3b9-fab2bb6b651d,912,1,2024-04-13T01:01:11.821Z,2024-04-13T01:01:17.255Z,"5193,3624,5148,5262,5798,3626,3622,5787,5785,3643,114246,5228,115513,4836,122379,5793,5772,122902,130043,6301,5448,115460,8447,110302,4213,150102,111782,118112,120125,147627,2435,66,5163,5133,3642,7802,5484,111754",9760209
904959,a59733f5-a339-48db-905c-214c415daeef,912,2,2024-04-12T00:44:10.517Z,2024-04-12T00:44:13.539Z,"5193,5148,3624,3622,5262,5228,5798,114246,3642,3626,4836,122902,115513,161865,5169,5448,8447,122379,5772,130043,110771,6301,3643,111782,147627,5784,115460,115936,111850,161864,115185,116254,149130,531,111763,5793,162416,4213,131397,131390,27182,115041,2435,66,5163,5133,5484,111754,224749,224752,224753,6924",9688723
904960,f32f8b21-652b-466b-b6ed-770ab759dd64,912,2,2024-04-11T13:38:34.132Z,2024-04-11T13:38:36.519Z,"3622,5262,3624,5148,5798,5228,118112,3626,115513,3787,5787,4213,122902,3643,3641,6301,162017,115460,147627,130043,4836,2838,5163,5133,66,5193,2435,5484,111754,4,224749,224752,224753,6924",9652244
904961,79e181d0-ecaa-4080-af4d-3929ff964c19,912,2,2024-04-10T19:12:35.598Z,2024-04-10T19:13:23.941Z,"5193,5133,3622,5262,3624,3626,5228,5148,78490,5169,3650,126019,115513,115936,4836,6301,127021,5787,3641,115460,147627,4213,3640,130043,161909,5785,3628,161865,531,251,2435,66,5163,5484,111754,224749,224752,224753,224755,162359,116254,114244,6924",9599799
2648146,88fadf3e-68d3-41c2-9b9c-b6ab462fcaa8,912,2,2024-04-29T00:15:34.030Z,2024-04-29T00:15:43.056Z,"6924,224752,224749,224753,334,16001,111754,5484,5133,5163,66,2435,5193,161851,110937,6747,2687,111850,114599,143215,112172,161971,5793,15860,116446,162438,113248,112040,161924,5408,112043,3629,162246,111839,1744,5773,112359,27182,161840,4836,115460,4213,3643,161900,5772,140255,131390,122902,9090,115513,114246,5109,5228,5798,132105,3626,3642,111936,3624,5262,5148",11030554
2648147,ad81cb41-ce5d-4063-9018-5b8d8ee1e1b2,912,1,2024-04-28T00:37:09.016Z,2024-04-28T00:37:14.662Z,"112321,111963,4,2435,5193,111754,5484,66,5163,3622,112043,5983,111807,3852,5772,4836,3626,16001,114246,4213,115513,5228,115460,138613,9090,3624,161700,161900,111936,3643,132105,5148,5798,140255,3642,5133",10943239
2648148,f5b2fe74-9f2b-4649-a35e-e9d6592e49ea,912,1,2024-04-27T20:39:08.198Z,2024-04-27T20:39:17.945Z,"2435,5193,111807,115460,143215,8447,116254,111936,16001,5784,4836,130043,132105,122379,147627,5772,6301,115513,114246,5787,5228,5785,5262,5148,3622,5798,3626,3642,3624,3903,111760,111754,5484,5133,5163,66",10927891
2648149,46eeee5b-7300-4169-b5cc-84812d2901c4,912,1,2024-04-27T03:06:46.288Z,2024-04-27T03:06:47.205Z,"27182,162385,8447,131390,161851,162090,139625,149130,115059,1930,6610,1465,5793,4213,115460,150614,8688,5772,5448,161932,3643,122114,4836,115513,4148,108537,114246,5228,3642,4999,3624,5787,5798,3626,5148,5785,5262,4,111754,5484,66,5133,5163,111753,2397,7620",10862261
3767886,e5fdafbb-a481-4bb1-8534-8d9a8e0a0165,912,1,2024-05-05T02:33:38.920Z,2024-05-05T02:33:45.010Z,"5262,3624,111754,5484,4,66,5133,5163,114246,27182,5784,115460,110302,5772,162122,111763,9143,8688,5228,115513,5148,390,5787,5785,3642,78490,321,3626,5798",11563946
3767887,942ca836-bcd6-4c80-9520-a02d43da2278,912,1,2024-05-05T02:17:38.839Z,2024-05-05T02:17:40.510Z,"5163,66,2435,5193,27182,5449,111839,5773,115460,3643,4213,116254,531,115513,111857,111763,162122,161842,140255,5448,143215,111999,8688,8447,5228,16001,5785,5148,5798,5787,3642,5262,3626,78490,3624,5133,334,4,111783,112732,111754,5484",11562893
3767888,7e6b40ba-e6ee-40d6-af9d-f8c8562b46a9,912,1,2024-05-04T01:43:33.281Z,2024-05-04T01:43:39.567Z,"111783,2435,111754,5484,111773,5193,66,5163,131390,3731,146045,27182,115460,531,149130,4836,2687,5772,4213,5785,116254,140255,143215,115513,114246,5148,8688,16001,5787,113362,8447,111763,162122,5448,5228,5798,78490,3642,3626,3624,5262,5133",11475709
3767889,315597b7-0760-4dcc-9237-61e64a891a58,912,1,2024-05-04T00:41:41.397Z,2024-05-04T00:41:51.544Z,"5163,5133,66,7620,2397,111753,5193,2435,5484,111754,111773,4,3642,5798,5148,8688,3643,5785,78490,3624,5787,5228,4213,114246,3626,162122,4836,5262",11471704
3767890,adb7bac6-fb8b-4412-818e-61661a65b753,912,1,2024-05-04T00:02:46.411Z,2024-05-04T00:02:56.930Z,"5163,66,4,5484,111754,5133,162017,3641,3642,115059,5798,5148,111999,3643,1930,5785,140856,3624,5787,5228,115513,114246,3626,4836,5772,5262,133996,150614",11468509
3767891,1c3c1be4-f293-49b4-bbe3-99391f02bc9a,912,1,2024-05-03T02:35:46.562Z,2024-05-03T02:35:49.988Z,"7802,3628,5787,5262,5785,3642,16001,5148,5228,2687,115513,144082,6997,5784,116254,27192,5773,8688,5448,114246,161842,66,5163,5133,4316,111759,111850,5484,111754,111882,5193,149130,1744,115460,622,161816,162481,118075,122379,163098",11389876
3767892,d92ca726-b9fc-4a76-b37b-dce36e8998d6,912,2,2024-05-03T02:35:10.626Z,2024-05-03T02:35:14.386Z,"5163,66,5484,111754,4,5133,5148,3628,5228,5262,3642,5787,3643,122379,114246,16001,5785,4316,115513,8688,5448,161865,27192,116254,8447,111850,7327,5169,149130,5784,115460,622,140255,2193,5773,111763,531,118075,7084,161816,4213,162395,131390,161851,5772,138433,3652,110771,6611,115185,113754,6924,111760",11389848
3767893,230e78c4-2d3d-40ca-a8c6-e3c9d282f9e8,912,2,2024-05-03T02:34:07.565Z,2024-05-03T02:34:11.047Z,"5193,2435,66,5163,5133,334,5484,111754,5148,3626,3624,5262,3622,3642,5798,132105,112635,5785,5787,3643,5228,16001,115513,154471,161816,114246,5772,4836,138433,115936,5773,3652,5983,161851,116254,140255,150102,162301,115460,6194,4213,5784,162713,161945,531,40461,162202,127249,6924",11389793
3767894,a70d9613-70b2-4cd7-90e0-d8aa47e93fad,912,1,2024-05-03T02:33:10.475Z,2024-05-03T02:33:14.663Z,"3624,5262,3626,5148,5798,112635,115513,3641,5793,5772,116234,5228,110302,114246,115460,161816,122379,6870,5784,5785,4836,5787,162060,130043,5193,2435,66,5163,5133,5484,111754,7802,111857,111839,112732,4,3642",11389732
3767895,d1fa5f59-6046-40d9-9f13-68e3c66f4aee,912,2,2024-05-03T02:02:39.817Z,2024-05-03T02:02:43.202Z,"7802,66,5163,5133,4316,5484,111754,224749,224752,224753,6924,5148,3628,113362,3642,1930,5262,114246,8447,3731,5448,5785,3643,111763,5787,5228,143215,120020,115513,161865,5169,111857,131390,5772,5449,112732,162076,666,27192,149130,110771,3641,2193,27182,5784,4213,162077,115062,531,119756,115460,5793",11387865
3767896,75f4e3dc-c738-407c-a84f-40507e42d365,912,1,2024-05-03T02:02:25.187Z,2024-05-03T02:02:28.337Z,"5193,2435,66,5163,5133,5484,111754,7802,3624,5262,5798,3626,3642,114246,3731,5148,5772,5228,5787,111763,4836,115513,132105,8447,143215,5773,7327,5448,666,5785,161945,161816,131390,4213,2687,115460,110302,6016,113362",11387857
3767897,1e9e8188-6ab9-4d10-903b-c11a11fab154,912,2,2024-05-03T02:01:56.201Z,2024-05-03T02:01:59.452Z,"5163,66,5484,111754,4,7802,224749,224752,224753,5133,5148,3624,5798,3652,5262,3626,3642,5228,3643,5787,138433,4836,5785,1930,114246,111857,162017,109771,110302,122379,4213,666,110731,119756,3641,115513,5772,151877,130729,7317,112529,6924",11387842
3767898,5433314d-d29f-4807-84e3-2a833475f75c,912,2,2024-05-03T02:01:20.467Z,2024-05-03T02:01:24.326Z,"111095,5148,3624,3626,5798,3642,1930,115059,3643,5228,5772,4213,114246,5193,2435,66,5163,5133,6652,111778,4,5484,111754,7802,111759,5787,5942,224753,224749,224752,6924,115513,111763,4836,5448,115460,3731,3641,8447,162017,161816,143215,112529,113362,5785,111650,161907,114565,130729,130043",11387815
3767899,f8b46129-71c6-497d-b2c3-bf16eed7b750,912,2,2024-05-03T02:01:05.473Z,2024-05-03T02:01:08.669Z,"5163,5133,66,3642,7802,5484,111754,224749,224752,224753,3624,3626,5148,5262,5798,5787,5228,1930,5785,3643,113362,115059,3641,115513,133996,5772,8447,143215,111763,5448,133039,114246,4836,161977,115460,113150,4213,27182,112529,5784,5449,6924",11387808
3767900,d7cf7d28-3e8b-4800-8111-3b035ec9124b,912,2,2024-05-03T02:00:28.426Z,2024-05-03T02:00:31.652Z,"5163,5133,66,4,5484,111754,7712,111760,224749,224752,224753,224750,224751,6924,3624,5148,5228,5798,5262,3626,3642,114246,4836,3641,5787,8447,5785,143215,5448,115513,4213,1930,5772,111763,3623,115460,5793,161816,3643,113362,3629,111999,5449,131390,110302",11387740
3767901,121d5cb9-daf3-4145-ad9e-bc6b7ef7fad3,912,2,2024-05-03T01:59:58.261Z,2024-05-03T02:00:01.855Z,"6924,27182,4213,143215,133039,111763,161977,115460,5784,150614,115059,140856,133996,5772,162017,4836,111999,1930,115513,114246,5785,3641,5787,3643,3642,3624,3626,5262,5798,5228,5148,111754,5484,4,66,5133,5163",11387716
3767902,da5dc8c2-f146-490b-8195-57cfad442fde,912,2,2024-05-03T01:56:45.016Z,2024-05-03T01:56:48.592Z,"5193,2435,66,5163,6652,111778,4,5484,111754,7802,111759,224753,224749,224752,6924,5133,111095,5148,3624,3626,5798,3642,5787,1930,115059,3643,5228,5772,4213,114246,115513,111763,4836,5448,115460,3731,3641,8447,162017,161816,143215,112529,113362,5785,5942,111650,161907,114565,130729,130043",11387581
3767903,4992925f-5a21-4465-9cff-1ceee820e7ab,912,2,2024-05-03T01:55:49.449Z,2024-05-03T01:55:52.943Z,"5148,5228,5798,5262,3626,3624,3642,3643,5787,3641,5785,114246,115513,1930,111999,4836,162017,5772,133996,140856,115059,150614,5784,115460,161977,111763,133039,143215,4213,27182,6924,5163,5133,66,4,5484,111754",11387525
3767904,c33b585c-ba0d-4b4c-bab7-66f0338c5466,912,1,2024-05-03T00:34:25.263Z,2024-05-03T00:34:34.494Z,"116254,110731,146269,115062,149130,27182,113362,3731,111763,115460,5773,109771,5228,5785,131390,5772,5784,5448,1930,8447,3642,115513,114246,4316,5787,3628,5262,5148,5133,4,111871,5193,7802,66,5163",11382781
3767905,89d45955-dd9c-449d-99ea-d76c7eb86dbe,912,4,2024-05-03T00:17:02.608Z,2024-05-03T00:17:06.599Z,"112070,224755,224753,224752,224749,4,7802,111754,5484,2435,5193,66,5163,6924,5448,111999,131390,115460,111763,5772,150614,8447,143215,5784,3641,112529,1930,115513,161907,5787,115059,5785,5228,4836,114246,3642,5798,5262,3643,3626,3624,5148,5133",11381734
3767906,a367e966-db36-42a2-904b-a2dfdd9dac6f,912,2,2024-05-02T00:04:55.239Z,2024-05-02T00:04:57.841Z,"5449,5784,112529,27182,4213,113150,115460,161977,4836,114246,133039,5448,111763,143215,8447,5772,133996,115513,3641,115059,113362,3643,5785,1930,5228,5787,5798,5262,5148,3626,3624,6924,224753,224752,224749,111754,5484,7802,3642,66,5133,5163",11289662
3767907,36f7d37a-a221-49f1-ac9a-fee8fc5948e3,912,2,2024-05-01T04:29:26.393Z,2024-05-01T04:29:32.602Z,"3624,5148,5262,5798,114246,3626,115059,5228,5787,133996,4836,3641,113362,143215,3643,115513,162017,5785,8447,111763,5163,5133,66,5193,2435,1930,5484,111754,111761,3642,7802,4,224749,224752,224753,6924,133039,4213,115460,5448,5772,161971,113150,531,131390,161977,161816,3629,150614",11220777
3767908,ad8f7560-35bd-46ed-ada4-4f4eaff63cab,912,2,2024-05-01T04:28:41.115Z,2024-05-01T04:28:46.694Z,"3641,115059,5798,5148,3643,5448,143215,1930,5785,3624,5787,5228,115513,111763,3626,113362,8447,5772,5262,133996,5163,5133,66,3642,7802,5484,111754,224749,224752,224753,6924",11220722
3767909,cb2f5d9b-0cf9-47cb-803e-3045a67b1fd9,912,2,2024-05-01T04:28:27.950Z,2024-05-01T04:28:32.914Z,"5193,2435,66,5163,5133,6652,111778,4,5484,111754,7802,111759,5787,5942,224753,224749,224752,6924,111095,5148,3624,3626,5798,3642,1930,115059,3643,5228,5772,4213,114246,115513,111763,4836,5448,115460,3731,3641,8447,162017,161816,143215,112529,113362,5785,111650,161907,114565,130729,130043",11220705
3767910,6b9420ae-0e65-4e88-8030-987b535919b7,912,4,2024-05-01T04:26:54.348Z,2024-05-01T04:27:02.847Z,"5193,2435,66,5163,334,5484,111754,4,224749,224752,224753,224755,112070,5133,5148,3624,3626,5798,3642,5262,5228,114246,1930,4836,115513,5787,5772,3641,115059,5785,3643,5784,5793,127249,115460,130039,6924",11220643
3767911,c6b9a418-655c-4560-bb12-cdccbb14d91d,912,1,2024-05-01T01:24:24.264Z,2024-05-01T01:24:29.209Z,"3624,3622,5798,3626,3642,5262,114246,5787,5228,5148,5785,5772,143215,111763,4836,8447,115513,3731,5998,115059,115460,113362,147627,5448,4213,132105,150614,1930,5773,5163,5133,66,4,5484,111754,5193,111783",11207911
3767912,5577280c-1b94-4ed5-b24e-da8bd2b54f09,912,1,2024-04-30T01:21:12.818Z,2024-04-30T01:21:16.465Z,"5163,66,5193,2435,5484,111754,7802,111882,5133,3624,5262,5798,3642,3626,5772,114246,16001,4836,115513,132105,5148,111763,8447,3731,5448,113362,5773,140255,2687,5453,666,146045,131390,115066,116254,115460,115936,161816,5784,531",11125113
4007743,95db03d1-bc9a-417d-940e-5512548e4d60,912,1,2024-05-10T00:15:29.306Z,2024-05-10T00:15:37.443Z,"115185,5448,3368,5773,163618,115460,27182,4213,162482,161889,8447,5772,143215,116254,115513,140255,7327,114246,531,3643,4836,5228,8688,162122,16001,5785,111763,5787,3642,5798,5262,5148,3626,78490,3624,4,111760,111754,5484,111773,111783,5193,66,5133,5163",12012214
4149707,f3d50294-a986-4f0f-a299-dc96a556d615,912,4,2024-05-15T02:38:44.541Z,2024-05-15T02:39:02.653Z,,12502921
4149708,9776614a-9ede-4295-ac06-b4c7290cd84f,912,4,2024-05-15T01:40:17.543Z,2024-05-15T01:40:35.682Z,,12498214
4149709,ddac0596-2ddb-4856-9520-9d986b5b4c2c,912,2,2024-05-14T00:05:35.897Z,2024-05-14T00:05:52.358Z,"5163,5133,66,4,5484,111754,224749,224752,224753,5148,3624,162122,5798,78490,3626,5262,5785,5787,3642,114246,3643,115513,5228,110302,5772,143215,4836,111763,8447,5448,115460,8688,161842,150614,127021,4213,131390,161969,5784,27182,6924",12391900
4149710,1bbd45e8-e787-4e58-a90f-42dca0a01c84,912,1,2024-05-13T00:34:08.293Z,2024-05-13T00:34:25.818Z,"5784,140856,5787,5448,8447,115460,4836,161842,143215,111763,5772,114246,115513,5228,8688,162122,5148,3642,78490,5262,3626,5798,3624,111783,4,111754,5484,66,5133,5163,111773,5193",12298052
4149711,1734f810-e831-4d66-b741-dd1b6fa48ce2,912,2,2024-05-13T00:22:13.972Z,2024-05-13T00:22:31.981Z,"111999,115460,161865,27182,8688,5169,5448,111763,143215,4213,8447,3643,5772,110302,115513,5228,5787,5785,3642,5798,5262,3626,5148,3624,6924,224753,224752,224749,111754,5484,4,66,5133,5163",12297232
4149712,171c14a7-c700-4a50-b243-208cb2eb973d,912,1,2024-05-12T02:09:51.395Z,2024-05-12T02:10:05.574Z,"5163,5133,66,5484,111754,7802,4,3624,5262,5798,3626,5785,114246,5787,3642,78490,162122,5453,4836,111763,8447,143215,150614,115460,5448,414,110302,131390,115513,116231,27182,3629,163618",12207833
4149713,7c944dc8-88a0-4b2f-aa45-d6ccc75fde57,912,1,2024-05-12T02:07:48.598Z,2024-05-12T02:08:01.140Z,"833,5484,111754,66,5241,1441,5163,5133,5193,2435,8688,111761,1930,335,5262,4245,5148,112028,16188,78490,111763,390,5984,9143,115513,321,127021,111850,162089,4060,130786,115460,161842,5228,5784,1090,161820,5772,3627,162036",12207696
4149714,8eb4da06-d7d5-44cc-b145-28482303bf66,912,2,2024-05-11T00:23:16.972Z,2024-05-11T00:23:29.239Z,"5163,5133,66,5193,2435,7802,4316,5484,111754,224749,224752,224753,6924,5148,5262,3628,3642,144082,3643,6350,5784,5787,161865,5169,5228,114246,16001,5785,321,115513,9143,111763,111857,116254,390,5772,110771,115460,531,666,131390,138433,143215,5793,162416,27192,3652",12107368
4149715,bbbcdc1b-896a-4d31-b411-798926f4ff7f,912,1,2024-05-11T00:22:02.567Z,2024-05-11T00:22:12.060Z,"5133,3624,5262,3626,5798,3642,321,390,5787,5785,5148,8688,4836,114246,5228,111763,115513,112529,158854,9143,5772,162482,4213,27182,131390,5163,66,5193,2435,111783,5484,111754,4",12107274
4149716,11528d4e-e002-43fa-9360-16c04c426371,912,1,2024-05-11T00:21:30.454Z,2024-05-11T00:21:41.000Z,"4,111760,111754,5484,66,5163,4213,5784,161889,7327,5773,161865,531,143215,5772,140717,27182,3368,6997,116939,161820,115936,116254,112643,2687,5169,115460,5228,163832,3627,9143,1090,162089,8688,140255,321,5148,16001,115513,390,112028,111763,5798,16188,335,5262,5133",12107249
4149717,f910a92a-ec47-40ed-b976-734d6ecfca4d,912,1,2024-05-10T20:31:38.200Z,2024-05-10T20:31:49.511Z,"3624,4,111754,5484,111783,2435,5193,66,5133,5163,131390,27182,4213,162482,5772,9143,158854,112529,115513,111763,5228,114246,4836,8688,5148,5785,5787,390,321,3642,5798,3626,5262",12093103
4225665,896f9258-2011-40a4-8a0b-3a470718c3c4,912,1,2024-05-17T03:19:45.887Z,2024-05-17T03:20:06.155Z,,12714960
4225666,0918c2cd-1293-41c8-88f8-6331f386bc4b,912,1,2024-05-17T01:44:37.743Z,2024-05-17T01:44:58.412Z,,12707163
4225667,d83310e8-83ec-4542-816d-d3275e6a1519,912,1,2024-05-16T01:47:10.212Z,2024-05-16T01:47:28.850Z,"7802,66,5163,5133,5484,111754,111948,5262,3628,5787,5785,114246,3642,5228,4316,110302,115513,5772,1930,3641,5148,109771,1744,110731,162388,131390,5793,115460,27182",12600771
4225668,7c294e76-432e-4b25-b056-372d40921bd3,912,1,2024-05-16T00:55:12.575Z,2024-05-16T00:55:31.862Z,"5133,3624,5262,78490,8447,8688,5448,3626,3642,5798,5228,111763,162122,113362,143215,2687,5148,16001,27182,5773,5772,113150,161924,149130,114246,162505,4836,140255,146045,5449,4213,162482,115460,116254,115513,5193,111773,5163,66,4,5484,111754,111760",12596792
